0
1
0
6
4
6
8
4
7
7
2
2
7
1
5
4
8
5
13
9
6
5
11
5
2
15
6
9
4
6
1
9
0
9
6
8
12
10
0
3
7
7
11
9
10
13
7
8
10
5
13
5
6
1
1
6
6
9
7
6
6
2
7
6
8
3
10
8
9
8
4
4
4
5
7
3
0
3
1
4
4
7
4
10
9
4
7
4
10
5
3
5
5
1
10
10
12
1
9
7
4
3
9
3
6
7
9
7
1
6
6
8
6
13
0
1
1
1
9
4
7
5
4
5
1
1
0
7
9
6
6
13
4
9
4
7
7
5
4
4
4
4
8
4
9
6
5
5
8
5
12
6
0
3
0
1
4
3
4
10
7
4
1
4
10
13
3
6
4
4
8
2
5
5
10
5
0
2
13
8
6
1
6
5
7
7
5
10
5
8
0
0
3
4
9
4
4
7
4
7
7
4
9
8
11
8
8
15
10
13
9
9
8
2
5
4
3
7
9
7
7
15
9
3
3
3
3
5
0
3
4
4
6
4
3
3
6
4
5
5
5
9
6
10
6
13
10
5
4
5
13
8
6
4
3
7
4
10
4
1
8
7
4
5
7
1
