0.0
0.0
-1.0
1.6666666666666667
-0.4
0.0
0.1428571428571428
0.0
-0.2222222222222222
-0.1
-0.9090909090909092
-0.7272727272727273
-0.0769230769230769
-0.0714285714285714
-0.2666666666666666
-0.125
-0.1764705882352941
-0.2777777777777778
-0.1052631578947368
0.0526315789473684
-0.1904761904761904
-0.2727272727272727
0.9130434782608696
-0.3478260869565217
-0.48
0.6923076923076923
0.7307692307692307
0.4285714285714285
-0.5517241379310345
-0.4666666666666667
-0.8064516129032258
-0.4375
-0.9696969696969696
-0.3823529411764705
0.0571428571428571
0.1428571428571428
-0.1891891891891892
-0.4473684210526316
0.0
0.5
0.5
0.4
0.6666666666666666
0.8333333333333334
0.375
1.375
-0.4444444444444444
0.3
0.0909090909090909
0.25
1.1538461538461535
0.0
-0.3333333333333333
-0.375
0.0588235294117647
-0.2105263157894736
-0.35
0.15
-0.2727272727272727
0.2272727272727272
-0.25
-0.2
-0.1153846153846153
-0.2222222222222222
-0.2962962962962963
-0.5185185185185185
0.0
-0.9333333333333332
0.032258064516129
0.84375
0.0
-0.0588235294117647
-1.0857142857142856
-0.0571428571428571
0.3611111111111111
-0.131578947368421
0.0
0.5
-0.3333333333333333
0.0
-0.2
-0.5
-0.2857142857142857
0.375
0.2222222222222222
-0.2
-0.3636363636363636
-0.25
0.3333333333333333
-0.2142857142857142
-0.8571428571428571
-0.2
-0.3529411764705882
-0.9444444444444444
0.5263157894736842
0.05
0.0952380952380952
-0.1363636363636363
0.0
-0.4166666666666667
-0.56
-0.0769230769230769
0.5185185185185185
-0.1481481481481481
-0.1379310344827586
-0.1
0.0967741935483871
-0.125
-0.5
-0.1176470588235294
-0.1176470588235294
-0.2285714285714285
-0.1621621621621621
1.368421052631579
0.0
0.0
-0.6666666666666666
-1.0
1.5
-0.6
0.1666666666666666
-0.5
-0.6666666666666666
-0.5555555555555556
-1.0
-0.75
-0.7692307692307693
0.3333333333333333
-0.2666666666666666
-0.7058823529411765
-0.7777777777777778
0.9444444444444444
-0.7368421052631579
0.2
-0.6666666666666666
-0.7727272727272727
-0.4583333333333333
0.7083333333333334
-0.6153846153846154
-1.0769230769230769
-0.5714285714285714
-0.5714285714285714
0.4827586206896552
-0.6774193548387096
1.2580645161290325
0.25
-0.6060606060606061
-0.5882352941176471
0.1428571428571428
-0.6285714285714286
0.0277777777777777
-0.5526315789473685
0.0
0.5
-1.0
-0.5
-0.2
-0.4
-0.5
0.2857142857142857
-0.3333333333333333
-0.4
-0.4
-0.3333333333333333
0.3076923076923077
0.7692307692307693
-0.6
-0.5
-0.875
-0.5
-0.6666666666666666
-0.5263157894736842
-0.4285714285714285
-0.4285714285714285
0.7727272727272727
-0.4583333333333333
-1.625
-0.5
1.3076923076923077
0.2592592592592592
-0.3448275862068966
-0.8666666666666667
-0.3870967741935484
0.0625
-0.3333333333333333
0.6470588235294118
-0.3714285714285714
1.0
-0.4594594594594595
0.131578947368421
0.0
-0.5
1.0
0.0
0.6
-0.3333333333333333
-0.3333333333333333
-0.1428571428571428
-0.25
0.3333333333333333
0.6363636363636364
-0.3333333333333333
0.0
-0.2142857142857142
-0.1333333333333333
-0.1333333333333333
-0.75
0.0555555555555555
1.5555555555555556
0.0526315789473684
1.1
0.0909090909090909
0.782608695652174
-0.88
-0.0769230769230769
-0.1111111111111111
-0.9629629629629628
-0.0714285714285714
0.1379310344827586
-0.0333333333333333
-0.0967741935483871
1.2258064516129032
0.6363636363636364
-0.1176470588235294
-1.1176470588235294
-0.2222222222222222
-1.0277777777777777
-0.2105263157894736
0.0
0.5
0.3333333333333333
-0.5
0.2
-1.8333333333333333
-0.4285714285714285
-0.375
-0.5555555555555556
-0.2
-1.0
-0.1666666666666666
-0.2307692307692307
1.4285714285714286
-0.1333333333333333
0.1875
-0.1176470588235294
1.1578947368421053
0.85
-0.238095238095238
-0.6818181818181818
-0.4347826086956521
0.75
-0.3076923076923077
-0.0384615384615384
0.074074074074074
-0.6071428571428571
-0.4137931034482758
-0.4333333333333333
0.0666666666666666
-0.3870967741935484
-0.28125
-0.303030303030303
-0.3529411764705882
-0.6571428571428571
-0.4722222222222222
0.1081081081081081
-0.5263157894736842
