0.0
0.5
0.0
2.0
0.8
1.0
1.1428571428571428
1.0
0.8888888888888888
1.1
0.7272727272727273
0.7272727272727273
1.1538461538461535
1.0714285714285714
1.0666666666666669
1.4375
1.1764705882352942
1.1111111111111112
1.263157894736842
1.6842105263157894
1.1904761904761905
1.1363636363636365
2.0
1.0869565217391304
1.04
1.9230769230769231
1.6923076923076923
1.5357142857142858
1.0
1.0666666666666669
0.6774193548387096
1.09375
0.5757575757575758
1.1176470588235294
1.3714285714285714
1.3142857142857145
1.2702702702702702
1.0789473684210529
0.0
1.5
1.75
1.4
1.8333333333333333
1.5
1.75
2.375
0.8888888888888888
1.6
1.3636363636363635
1.5833333333333333
2.3076923076923075
1.4285714285714286
0.9333333333333332
1.25
1.1176470588235294
1.368421052631579
1.3
1.3
1.3636363636363635
1.3636363636363635
1.3333333333333333
1.0
1.3846153846153846
1.148148148148148
1.2592592592592593
0.8148148148148148
1.4482758620689655
0.8333333333333334
1.4516129032258065
2.03125
1.393939393939394
1.3529411764705883
0.8
1.3428571428571427
1.4722222222222223
1.2894736842105263
0.0
1.5
0.3333333333333333
1.0
0.8
1.1666666666666667
0.7142857142857143
1.375
1.4444444444444444
0.8
0.7272727272727273
0.75
1.9166666666666667
0.8571428571428571
0.5714285714285714
0.8666666666666667
0.8235294117647058
0.5555555555555556
1.6842105263157894
1.15
1.238095238095238
1.0909090909090908
1.1304347826086956
1.0416666666666667
0.72
1.1153846153846154
1.5925925925925926
1.0740740740740742
1.103448275862069
1.2666666666666666
1.3548387096774193
1.125
0.96875
1.1176470588235294
1.1176470588235294
1.1428571428571428
1.135135135135135
2.1842105263157894
0.0
0.5
0.3333333333333333
0.25
2.25
0.8
1.1666666666666667
0.75
0.6666666666666666
0.6666666666666666
0.4
0.5
0.4615384615384615
1.4666666666666666
1.0
0.7058823529411765
0.6666666666666666
2.055555555555556
0.6842105263157895
1.7
0.7619047619047619
0.7727272727272727
0.8333333333333334
1.5416666666666667
0.7692307692307693
0.3846153846153846
0.8214285714285714
0.9285714285714286
1.6896551724137931
0.7741935483870968
2.419354838709677
1.5
0.8484848484848485
0.8529411764705882
1.542857142857143
0.8285714285714286
1.4166666666666667
0.8947368421052632
0.0
1.5
0.0
0.25
0.8
0.6
0.6666666666666666
1.5714285714285714
0.8888888888888888
0.8
0.8
0.9166666666666666
1.6153846153846154
1.6923076923076923
0.7333333333333333
0.875
0.875
0.8333333333333334
0.9444444444444444
0.7368421052631579
0.9047619047619048
0.9047619047619048
2.0
0.8333333333333334
0.2916666666666667
0.8076923076923077
2.3076923076923075
1.1851851851851851
0.896551724137931
0.9333333333333332
0.8709677419354839
1.53125
0.9090909090909092
1.7647058823529411
0.8857142857142857
1.9166666666666667
0.8648648648648649
1.5263157894736843
0.0
0.0
1.5
1.0
1.8
0.6666666666666666
0.6666666666666666
1.0
0.875
1.4444444444444444
1.7272727272727273
0.9166666666666666
1.25
1.0714285714285714
1.2
0.9333333333333332
1.125
1.5
2.2222222222222223
1.4736842105263157
2.0
1.5
1.6521739130434785
0.84
1.4230769230769231
1.3703703703703705
0.925925925925926
1.4285714285714286
1.4137931034482758
1.4666666666666666
1.4193548387096775
2.064516129032258
1.6363636363636365
1.3529411764705883
0.7941176470588235
1.3055555555555556
0.75
1.3157894736842106
0.0
1.5
1.3333333333333333
1.0
1.2
0.6666666666666666
0.4285714285714285
0.875
1.1111111111111112
1.0
0.5454545454545454
1.0
0.9230769230769232
2.0
1.0666666666666669
1.5625
1.0588235294117647
2.0
1.8
1.0476190476190477
0.9545454545454546
1.0
1.875
1.1538461538461535
1.2692307692307692
1.1851851851851851
1.0
1.0689655172413792
1.0333333333333334
1.3333333333333333
1.096774193548387
1.1875
1.1515151515151516
1.1176470588235294
0.9428571428571428
1.0833333333333333
1.2162162162162162
1.0263157894736843
