0.0
-0.5
1.3333333333333333
-2.0
0.8
-0.1666666666666666
-0.1428571428571428
0.5714285714285714
-0.3333333333333333
-0.1
0.4545454545454545
0.4545454545454545
0.0
0.4285714285714285
0.0666666666666666
0.1875
-0.0588235294117647
0.1111111111111111
-0.2631578947368421
-0.0526315789473684
0.1428571428571428
0.2272727272727272
-0.2608695652173913
0.1304347826086956
0.04
-0.5384615384615384
-0.1923076923076923
-0.2857142857142857
0.0689655172413793
-0.0666666666666666
0.1612903225806451
-0.15625
0.2727272727272727
-0.2352941176470588
0.0857142857142857
0.0285714285714285
-0.2162162162162162
0.0526315789473684
0.0
-1.0
-1.5
0.2
-1.0
0.3333333333333333
0.0
-0.375
0.1111111111111111
-0.2
-0.1818181818181818
0.25
-0.5384615384615384
0.1428571428571428
-0.1333333333333333
0.625
0.1764705882352941
0.0526315789473684
-0.15
-0.15
0.0909090909090909
0.0454545454545454
-0.125
0.28
0.0769230769230769
0.1111111111111111
0.037037037037037
0.2222222222222222
-0.1379310344827586
-0.0333333333333333
-0.1290322580645161
-0.03125
0.1818181818181818
0.0294117647058823
0.0285714285714285
0.1142857142857142
-0.1111111111111111
0.2368421052631578
0.0
-1.0
0.0
0.25
0.6
-0.5
0.5714285714285714
-0.625
-0.6666666666666666
-0.2
-0.1818181818181818
0.25
-0.5
-0.1428571428571428
0.1428571428571428
0.0666666666666666
0.2941176470588235
0.2222222222222222
-0.1052631578947368
-0.3
-0.4761904761904761
0.5
-0.0869565217391304
-0.0416666666666666
-0.04
0.3846153846153846
-0.2222222222222222
0.1481481481481481
0.0689655172413793
-0.0333333333333333
-0.0967741935483871
0.25
0.1875
-0.0294117647058823
0.0
-0.0571428571428571
0.1081081081081081
-0.2105263157894736
0.0
0.0
0.0
0.75
-2.0
-0.6
-0.5
0.625
0.1111111111111111
0.2222222222222222
0.1
0.75
0.0769230769230769
-0.2666666666666666
-0.4
-0.1176470588235294
0.2777777777777778
-0.3888888888888889
0.5789473684210527
-0.25
0.0952380952380952
-0.1363636363636363
-0.0833333333333333
0.0833333333333333
0.3076923076923077
0.0
0.2857142857142857
0.0
-0.1379310344827586
0.3548387096774194
-0.1612903225806451
-0.125
0.0606060606060606
-0.088235294117647
-0.0857142857142857
0.0
-0.1111111111111111
-0.0263157894736842
0.0
-1.5
0.0
0.0
0.0
0.2
1.1666666666666667
-0.4285714285714285
0.3333333333333333
0.6
0.3
0.1666666666666666
-0.5384615384615384
-0.7692307692307693
0.1333333333333333
-0.25
0.125
0.1666666666666666
-0.2222222222222222
0.1052631578947368
0.3333333333333333
0.238095238095238
-0.2272727272727272
0.0416666666666666
0.2083333333333333
0.2307692307692307
-0.4230769230769231
-0.1851851851851851
0.0344827586206896
0.1666666666666666
0.0
0.0
-0.0606060606060606
-0.088235294117647
0.0285714285714285
-0.1666666666666666
0.054054054054054
-0.1578947368421052
0.0
0.0
-1.5
1.25
-1.0
0.0
0.0
0.2857142857142857
0.625
-0.4444444444444444
-0.0909090909090909
0.1666666666666666
-0.4166666666666667
-0.3571428571428571
-0.2666666666666666
0.2
0.1875
-0.6666666666666666
0.2777777777777778
-0.5789473684210527
0.1
0.0909090909090909
-0.0869565217391304
0.24
0.0384615384615384
0.1111111111111111
0.037037037037037
-0.1071428571428571
0.0
-0.0333333333333333
0.0
-0.2580645161290322
-0.1212121212121212
0.2647058823529412
0.0
0.1944444444444444
0.0
-0.0263157894736842
0.0
-1.0
0.0
0.25
-0.4
0.3333333333333333
0.4285714285714285
0.5
-0.4444444444444444
0.1
0.0
-0.1666666666666666
0.1538461538461538
-0.2142857142857142
-0.0666666666666666
-0.25
-0.1764705882352941
-0.3684210526315789
-0.35
0.1904761904761904
0.0454545454545454
0.2608695652173913
-0.3333333333333333
-0.0384615384615384
0.0769230769230769
0.1111111111111111
0.1428571428571428
0.0689655172413793
0.0333333333333333
-0.2
-0.064516129032258
0.125
0.1515151515151515
0.088235294117647
0.0857142857142857
0.0
-0.081081081081081
0.1052631578947368
