0.0
-0.5
1.3333333333333333
-2.0
0.8
-0.1666666666666666
0.0
0.1428571428571428
-0.3333333333333333
-0.2
0.3636363636363636
0.3636363636363636
0.3846153846153846
0.0
-0.1333333333333333
-0.25
0.1764705882352941
0.1111111111111111
-0.0526315789473684
-0.4736842105263157
0.4761904761904761
0.0909090909090909
-0.9130434782608696
0.3043478260869565
-0.2
-0.9230769230769232
-0.6923076923076923
-0.6071428571428571
0.2068965517241379
0.2
0.3548387096774194
0.25
0.4848484848484848
0.2352941176470588
-0.2
-0.1428571428571428
0.4864864864864865
0.1578947368421052
0.0
-1.0
-1.5
0.2
-1.0
0.3333333333333333
0.25
-0.625
0.7777777777777778
-0.8
0.3636363636363636
-0.8333333333333334
-0.7692307692307693
-0.1428571428571428
0.4
-0.25
0.2352941176470588
-0.3157894736842105
-0.4
0.0
0.6818181818181818
0.0
-0.375
0.4
0.0
0.2962962962962963
0.1851851851851851
0.6296296296296297
-0.2758620689655172
0.5666666666666667
-0.1612903225806451
-0.59375
-0.3636363636363636
0.0588235294117647
0.5428571428571428
1.0
-0.1388888888888889
-0.1578947368421052
0.0
-1.0
0.0
0.25
0.6
-0.5
0.8571428571428571
-0.625
-0.6666666666666666
-0.3
0.0909090909090909
0.6666666666666666
-1.1666666666666667
-0.2142857142857142
0.2857142857142857
1.2
0.6470588235294118
0.3888888888888889
-0.631578947368421
-0.25
-0.1904761904761904
0.0909090909090909
0.217391304347826
0.0416666666666666
0.32
0.9230769230769232
-0.5185185185185185
-0.2592592592592592
-0.3793103448275862
-0.2
-0.2258064516129032
1.375
0.15625
0.088235294117647
0.5588235294117647
-0.0571428571428571
-0.3243243243243243
-1.0789473684210529
0.0
0.0
0.0
0.75
-2.0
-0.6
-0.5
0.875
0.0
0.5555555555555556
0.2
0.75
-0.0769230769230769
-0.8666666666666667
-0.4
0.7058823529411765
1.0555555555555556
-1.3888888888888888
1.894736842105263
-1.05
0.5714285714285714
-0.0454545454545454
1.0416666666666667
-0.7083333333333334
0.6923076923076923
0.3846153846153846
0.3928571428571428
-0.1071428571428571
-0.8620689655172413
1.3548387096774193
-1.6451612903225807
-0.71875
0.5757575757575758
0.2058823529411764
-0.7142857142857143
0.4571428571428571
-0.5277777777777778
0.5
0.0
-1.5
0.0
0.0
0.0
0.2
1.1666666666666667
-0.5714285714285714
0.7777777777777778
1.1
0.0
0.4166666666666667
-0.7692307692307693
-0.8461538461538461
0.0666666666666666
0.3125
0.0
-0.0555555555555555
-0.1111111111111111
0.0526315789473684
1.238095238095238
1.3333333333333333
-1.1363636363636365
0.0
0.5416666666666666
0.6153846153846154
-1.5
-0.3703703703703703
0.6206896551724138
-0.0666666666666666
0.032258064516129
-0.6875
0.0303030303030303
-0.8823529411764706
0.6857142857142857
-1.0555555555555556
-0.054054054054054
-0.6842105263157895
0.0
0.0
-1.5
1.25
-1.0
0.0
0.0
0.2857142857142857
1.0
-0.6666666666666666
-0.8181818181818182
0.5833333333333334
-0.3333333333333333
-0.3571428571428571
-0.0666666666666666
0.2666666666666666
0.1875
-0.5
-0.7222222222222222
-0.3684210526315789
-0.55
0.6818181818181818
-0.217391304347826
0.64
-0.5
-0.1111111111111111
0.4444444444444444
-0.75
0.0689655172413793
-0.4333333333333333
-0.2903225806451613
-0.6451612903225806
-0.2727272727272727
0.4705882352941176
0.5588235294117647
0.3888888888888889
0.5555555555555556
-0.3684210526315789
0.0
-1.0
0.0
0.25
-0.4
0.3333333333333333
0.5714285714285714
0.5
-0.3333333333333333
0.1
0.4545454545454545
-0.1666666666666666
0.6923076923076923
-1.0714285714285714
-0.1333333333333333
-0.5
-0.3529411764705882
-1.0
-0.85
0.2857142857142857
0.0909090909090909
1.0869565217391304
-0.875
-0.2307692307692307
-0.1153846153846153
-0.074074074074074
0.0714285714285714
0.1724137931034483
-0.1333333333333333
-0.3
-0.032258064516129
-0.09375
0.696969696969697
0.3235294117647059
0.1428571428571428
0.0555555555555555
-0.1621621621621621
0.5263157894736842
