0.0
-1.0
0.3333333333333333
-1.0
0.8
-0.3333333333333333
0.2857142857142857
0.1428571428571428
-0.8888888888888888
-0.8
-0.0909090909090909
-0.0909090909090909
0.6153846153846154
-0.2857142857142857
-0.5333333333333333
-0.1875
0.0588235294117647
0.0
-0.2105263157894736
-0.2105263157894736
0.4761904761904761
0.0454545454545454
-0.3478260869565217
0.1739130434782608
-0.6
-0.5384615384615384
-0.5384615384615384
-0.6071428571428571
-0.0344827586206896
-0.1666666666666666
-0.4838709677419355
-0.03125
-0.4545454545454545
-0.1470588235294117
-0.3142857142857143
-0.3142857142857143
0.3783783783783784
-0.2105263157894736
0.0
0.0
-0.5
0.4
-0.6666666666666666
0.6666666666666666
1.25
0.375
0.3333333333333333
-1.0
0.3636363636363636
-1.3333333333333333
0.2307692307692307
0.2857142857142857
-0.1333333333333333
0.0
-0.2352941176470588
-0.1578947368421052
-0.5
-0.35
1.0454545454545454
-0.2727272727272727
-0.125
-0.12
0.0769230769230769
-0.037037037037037
-0.037037037037037
-0.037037037037037
-0.2068965517241379
-0.0666666666666666
0.064516129032258
0.03125
-0.3333333333333333
0.088235294117647
-0.0571428571428571
1.2857142857142858
-0.0555555555555555
-0.2105263157894736
0.0
0.0
-0.3333333333333333
0.25
0.2
-0.3333333333333333
0.4285714285714285
-0.25
-0.2222222222222222
-0.6
-0.1818181818181818
0.5833333333333334
-0.25
-1.0714285714285714
-0.2142857142857142
1.3333333333333333
0.2352941176470588
-0.2777777777777778
-0.0526315789473684
-0.6
-0.3333333333333333
0.0454545454545454
-0.3478260869565217
-0.0833333333333333
-0.12
0.9615384615384616
-0.1481481481481481
-0.4074074074074074
-0.8275862068965517
-0.2
-0.1290322580645161
1.5625
-0.125
0.0588235294117647
0.2058823529411764
-0.2
-0.8108108108108109
-0.1842105263157894
0.0
0.0
-0.3333333333333333
-0.75
-1.0
-0.8
-0.6666666666666666
0.75
-0.5555555555555556
-0.2222222222222222
-0.6
0.0833333333333333
-1.0
-0.6666666666666666
-0.6666666666666666
0.2352941176470588
0.5
-0.7777777777777778
1.631578947368421
-0.8
-0.1904761904761904
-0.7272727272727273
0.625
-0.4583333333333333
0.0769230769230769
-0.6153846153846154
-0.2857142857142857
-0.5714285714285714
-0.5517241379310345
1.032258064516129
-0.6774193548387096
-0.65625
-0.0606060606060606
-0.3529411764705882
-0.6285714285714286
-0.3714285714285714
-0.5833333333333334
0.1842105263157894
0.0
-0.5
-0.5
-1.25
-0.2
-0.2
1.5
-0.2857142857142857
0.3333333333333333
0.7
-0.4
0.1666666666666666
-0.4615384615384615
-0.4615384615384615
-0.0666666666666666
-0.25
-0.5
-0.5
-0.5
-0.631578947368421
1.238095238095238
1.1428571428571428
-0.4545454545454545
-0.8333333333333334
-0.4583333333333333
0.2692307692307692
-0.5
-0.4814814814814814
0.3103448275862069
-0.4
-0.7096774193548387
-0.40625
-0.5757575757575758
-0.3823529411764705
0.5142857142857142
-0.4722222222222222
-0.6756756756756757
-0.5
0.0
-0.5
-0.5
1.5
-0.2
-1.1666666666666667
-0.3333333333333333
-0.7142857142857143
1.75
-0.3333333333333333
-0.3636363636363636
0.75
-0.3333333333333333
-1.0
-1.0666666666666669
-0.1333333333333333
-0.0625
-0.4444444444444444
0.0555555555555555
-0.3684210526315789
0.05
1.5454545454545454
-0.0434782608695652
0.0
-0.3076923076923077
0.074074074074074
-0.1111111111111111
-0.7857142857142857
-0.0344827586206896
-0.2666666666666666
-0.5483870967741935
-0.0967741935483871
-0.1212121212121212
0.8235294117647058
-0.1176470588235294
0.4166666666666667
-0.2222222222222222
-0.6842105263157895
0.0
0.0
0.6666666666666666
0.25
-1.2
-0.1666666666666666
-0.1428571428571428
0.875
-0.4444444444444444
-0.4
-0.1818181818181818
-0.5
0.3846153846153846
-0.2142857142857142
-0.2
-0.125
-0.7647058823529411
-0.1578947368421052
-0.3
-0.1904761904761904
-0.2272727272727272
1.2608695652173914
-0.4166666666666667
-0.6538461538461539
-0.3076923076923077
-0.3703703703703703
-0.4285714285714285
0.0
-0.7666666666666667
-0.4333333333333333
-0.3870967741935484
-0.375
0.9696969696969696
0.2058823529411764
-0.4857142857142857
-0.0555555555555555
-0.4864864864864865
0.2105263157894736
