0.0
0.0
1.3333333333333333
0.0
1.6
0.8333333333333334
1.1428571428571428
1.1428571428571428
0.5555555555555556
0.9
1.0909090909090908
1.0909090909090908
1.5384615384615383
1.0714285714285714
0.9333333333333332
1.1875
1.3529411764705883
1.2222222222222223
1.2105263157894737
1.2105263157894737
1.6666666666666667
1.2272727272727273
1.0869565217391304
1.391304347826087
0.84
1.0
1.0
0.9285714285714286
1.206896551724138
1.2666666666666666
1.032258064516129
1.34375
1.0606060606060606
1.3529411764705883
1.1714285714285717
1.1714285714285717
1.7567567567567568
1.236842105263158
0.0
0.5
0.25
1.6
0.8333333333333334
1.8333333333333333
2.0
1.75
1.6666666666666667
0.8
1.7272727272727273
0.75
1.5384615384615383
1.2857142857142858
1.3333333333333333
1.0
1.3529411764705883
1.0526315789473684
0.9
1.3
2.0454545454545454
1.3636363636363635
0.9583333333333334
1.4
1.3846153846153846
1.4444444444444444
1.4444444444444444
1.4444444444444444
1.1724137931034482
1.4
1.2903225806451613
1.4375
1.0303030303030305
1.411764705882353
1.3428571428571427
2.342857142857143
1.3333333333333333
1.131578947368421
0.0
0.5
0.3333333333333333
1.25
1.4
0.6666666666666666
1.5714285714285714
0.75
0.7777777777777778
0.5
0.8181818181818182
1.4166666666666667
0.75
0.6428571428571429
0.8571428571428571
2.066666666666667
1.4705882352941178
0.9444444444444444
1.0526315789473684
0.9
1.0476190476190477
1.181818181818182
1.3478260869565215
1.0833333333333333
1.04
2.0384615384615383
1.0740740740740742
0.8148148148148148
0.7241379310344828
1.0666666666666669
1.1290322580645162
2.5
1.125
1.2058823529411764
1.6764705882352942
1.0857142857142856
0.8108108108108109
1.105263157894737
0.0
0.5
0.3333333333333333
1.0
0.25
0.2
0.6666666666666666
1.625
0.6666666666666666
1.2222222222222223
0.6
1.25
0.3846153846153846
0.6
0.6
1.411764705882353
1.7222222222222223
0.6666666666666666
2.5789473684210527
0.65
1.3333333333333333
0.7272727272727273
1.875
0.8333333333333334
1.4615384615384617
0.7692307692307693
1.2142857142857142
0.8214285714285714
0.8275862068965517
2.129032258064516
0.7741935483870968
0.78125
1.4242424242424243
1.0588235294117647
0.8285714285714286
1.2857142857142858
0.8888888888888888
1.394736842105263
0.0
0.0
0.0
0.25
0.8
0.8
1.8333333333333333
1.0
1.6666666666666667
1.9
0.8
1.3333333333333333
0.8461538461538461
0.8461538461538461
0.8
1.1875
0.875
0.7777777777777778
0.8333333333333334
0.7894736842105263
2.142857142857143
2.238095238095238
0.8636363636363636
0.8333333333333334
0.8333333333333334
1.4230769230769231
0.8076923076923077
0.8148148148148148
1.5172413793103448
0.8666666666666667
0.9032258064516128
0.84375
0.9393939393939394
0.8823529411764706
1.5714285714285714
0.8611111111111112
0.8108108108108109
0.8421052631578947
0.0
0.0
0.0
2.25
0.8
0.6666666666666666
0.6666666666666666
1.2857142857142858
1.875
0.7777777777777778
0.9090909090909092
1.5
0.9166666666666666
0.7142857142857143
1.1333333333333333
1.2
1.3125
1.0
1.5
1.105263157894737
1.45
2.1818181818181817
1.434782608695652
1.48
0.9230769230769232
1.2592592592592593
1.3703703703703705
0.6785714285714286
1.4827586206896552
1.0333333333333334
1.1290322580645162
1.4193548387096775
1.3636363636363635
1.8235294117647056
1.3529411764705883
1.6944444444444444
1.3055555555555556
0.9473684210526316
0.0
0.5
1.3333333333333333
1.25
0.8
1.0
1.0
1.375
0.7777777777777778
1.1
1.0
0.8333333333333334
1.6153846153846154
0.9285714285714286
0.9333333333333332
1.0625
0.7058823529411765
1.0
0.95
1.3333333333333333
1.0454545454545454
2.0869565217391304
1.0
0.9230769230769232
1.1538461538461535
1.1111111111111112
1.0714285714285714
1.2413793103448276
0.9
1.0333333333333334
1.064516129032258
1.09375
1.8484848484848484
1.4411764705882353
1.0857142857142856
1.1388888888888888
1.054054054054054
1.5526315789473684
