17.28840945
17.28421952
17.27997591
17.27553892
17.27099872
17.26639695
17.26173567
17.25706197
17.25235565
17.24760294
17.2428148
17.23799717
17.23314847
17.22828465
17.22339592
17.21845446
17.21349038
17.20849296
17.20348731
17.19855152
17.19363557
17.18871808
17.18379712
17.17884356
17.17387181
17.16889007
17.16389352
17.15888477
17.1538623
17.14881023
17.14373898
17.13867487
17.13359144
17.12849716
17.12337235
17.1181487
17.11286919
17.10756678
17.10223273
17.0968648
17.09147644
17.08605521
17.08062127
17.07523455
17.06985903
17.06446585
17.05906503
17.05366072
17.04824
17.04282326
17.03738536
17.03185875
17.02629232
17.02069069
17.01507124
17.00949707
17.00392609
16.99836025
16.99278718
16.98713096
16.98144176
16.97578896
16.97014273
16.96444933
16.9587793
16.95309373
16.94746509
16.94211325
16.93689658
16.93174819
16.92666607
16.92157911
16.9165165
16.91150068
16.90651276
16.90153695
16.89657989
16.89162068
16.8866732
16.88177953
16.87689534
16.87203463
16.86716222
16.86216711
16.85711985
16.85205296
16.84696714
16.84189865
16.83683132
16.83175225
16.82667087
16.82159404
16.81651711
16.81145521
16.80639636
16.80130685
16.79621838
16.79112354
16.78604286
16.78105215
16.77610455
16.77115706
16.76622464
16.76132344
16.7564263
16.75154995
16.7466646
16.74167408
16.73663677
16.73160505
16.72655934
16.7214835
16.71640848
16.71129854
16.70620194
16.70125326
16.69635793
16.69149776
16.68664736
16.68170353
16.67673172
16.67173401
16.66672384
16.66180602
16.65691133
16.65193263
16.64691873
16.64196471
16.63695292
16.63194046
16.62681503
16.62122546
16.61539506
16.60944965
16.60337639
16.59724787
16.59105375
16.58474911
16.57838624
16.57207907
16.56576148
16.55940638
16.55301607
16.54655589
16.54004809
16.53350963
16.5269358
16.52032818
16.51369319
16.50701351
16.50030883
16.49362635
16.48692969
16.48022893
16.47350509
16.46666904
16.45977915
16.45290966
16.44603016
16.43908831
16.43215478
16.42519224
16.41827225
16.41161545
16.4050825
16.39859372
16.39215875
16.38573535
16.37932798
16.37296628
16.36661609
16.36019984
16.35376392
16.34732881
16.34089299
16.33447982
16.32807648
16.32166976
16.31526669
16.30887391
16.30248206
16.29610768
16.28973247
16.28330899
16.27687567
16.27042303
16.26397214
16.25761456
16.25129138
16.24493441
16.2385709
16.23224147
16.22588716
16.21954837
16.21315691
16.20651235
16.19974664
16.19290959
16.1860138
16.17915081
16.17227159
16.16536208
16.15842613
16.15142276
16.14438164
16.13736054
16.1303321
16.12323831
16.11615065
16.10903211
16.10195381
16.09512826
16.08841667
16.08176894
16.07517135
16.06852366
16.06188187
16.05526452
16.04866709
16.04213678
16.03564405
16.02911173
16.02258321
16.01615695
16.00972724
16.00333405
15.99689139
15.99011021
15.98317265
15.9762111
15.96919369
15.96212418
15.9550468
15.94791205
15.94079675
15.93392311
15.92715799
15.92039794
15.91367805
15.90700875
15.900348
15.89376769
15.88718095
15.88035469
15.87345795
15.86650804
15.85956443
15.85284337
15.84620165
15.83964499
15.83313289
15.82640929
15.81964342
15.81307484
15.80659939
15.80002531
15.79360048
15.78719374
15.78105401
15.77594385
15.7713748
15.76709971
15.76312489
15.75923755
15.75550953
15.75202609
15.74870407
15.74541662
15.74223214
15.73912828
15.73613293
15.73336434
15.73070977
15.72818596
15.72572124
15.72307646
15.72039822
15.71776826
15.71517419
15.71266035
15.71021754
15.70781157
15.70547529
15.70328511
15.70119097
15.69917106
15.69722291
15.69531668
15.69346595
15.6916804
15.68995258
15.68828141
15.68666832
15.68508991
15.683563
15.68213262
15.68075577
15.67944206
15.67816396
15.67681759
15.67546597
15.67417445
15.67291569
15.67165729
15.67044808
15.66924096
15.6681027
15.66722308
15.66646906
15.6658137
15.66522236
15.66455283
15.66389479
15.66325057
15.66263874
15.6622025
15.66184621
15.6614274
15.66100904
15.66071085
15.66038014
15.66009593
15.65970657
15.65874765
15.65751682
15.65616174
15.65468067
15.65320872
15.65169695
15.6500945
15.64844884
15.64682476
15.64518811
15.643561
15.64192265
15.64019574
15.63845606
15.63668784
15.63494317
15.63339297
15.63193077
15.63050035
15.62910718
15.62771161
15.62632566
15.62497232
15.62363035
15.62225819
15.62088283
15.61950663
15.61813703
15.61680687
15.6154921
15.61419102
15.61289668
15.61156951
15.61023266
15.60892304
15.6076216
15.60629073
15.60497148
15.6036487
15.60235477
15.60120525
15.60012938
15.59905698
15.59801587
15.59703669
15.59607001
15.59516377
15.59424934
15.59313205
15.59194697
15.59072494
15.58949766
15.58840213
15.58735332
15.58634545
15.58536441
15.58428233
15.58318375
15.58220525
15.5812834
15.58029182
15.57938443
15.57848878
15.5777492
15.57761993
15.57781263
15.57816027
15.57868294
15.57929577
15.580004
15.58086773
15.5818143
15.58267656
15.58355233
15.58448994
15.58548097
15.58656322
15.58771842
15.58891582
15.59017491
15.59153224
15.59295318
15.59445286
15.59600084
15.59751191
15.5990476
15.60059684
15.60218555
15.60394827
15.60579685
15.60761234
15.6094453
15.61138691
15.61331833
15.61529956
15.61721372
15.61869694
15.61997882
15.62119462
15.62232568
15.62343441
15.62452039
15.62553311
15.62653336
15.62766583
15.62884382
15.630023
15.63121021
15.63237213
15.633522
15.63468921
15.6358514
15.63696705
15.63807299
15.63914617
15.6402224
15.64140296
15.64260986
15.64385837
15.64511065
15.6461922
15.64721584
15.64831714
15.64944095
15.65050092
15.65161901
15.65271563
15.6539279
15.6556617
15.65765103
15.65979006
15.662058
15.66428138
15.66654947
15.66889357
15.67129989
15.67382672
15.67642984
15.67900955
15.68161466
15.68435377
15.68709602
15.68990554
15.6926557
15.69496589
15.69708392
15.69910187
15.70104181
15.70307698
15.70511211
15.70711276
15.70908968
15.71097039
15.71280009
15.71470711
15.71661797
15.71836343
15.72012345
15.72183158
15.7236323
15.72601374
15.72866853
15.7313704
15.73417523
15.73708209
15.74001128
15.74304758
15.74605809
15.74865532
15.7510716
15.75348966
15.75584692
15.75812164
15.76039097
15.76252804
15.76468764
15.76728657
15.77002336
15.77286485
15.7757071
15.77816928
15.78050281
15.78269887
15.78482724
15.78733426
15.78992495
15.79217947
15.79428085
15.79656725
15.7986027
15.80061678
15.80217292
15.80193236
15.80075234
15.79906904
15.7968695
15.79452243
15.79190607
15.78886963
15.7855618
15.78221579
15.77870495
15.7750614
15.77123906
15.76703408
15.76263876
15.75802837
15.75332158
15.74891759
15.74457308
15.74014841
15.735668
15.73106682
15.72635332
15.72158644
15.71670778
15.71157303
15.70627674
15.70086934
15.69534918
15.6897561
15.68408083
15.67830019
15.67244015
15.66654434
15.66058397
15.65458289
15.64851494
15.64229712
15.63600189
15.62961886
15.62318739
15.6168657
15.61055767
15.60415841
15.59771316
15.59128023
15.58477593
15.5782762
15.5716712
15.56464636
15.55742136
15.55004406
15.54256873
15.53522323
15.52786543
15.52048974
15.5130691
15.50538214
15.49757715
15.48987855
15.48218662
15.4743098
15.46649115
15.45860665
15.45089601
15.44409477
15.43773214
15.43157188
15.42561905
15.41966526
15.41378333
15.40805515
15.40240275
15.39671188
15.39104416
15.38537273
15.37972737
15.37422639
15.36875633
15.36333709
15.35789438
15.35218097
15.34634983
15.34048557
15.33457687
15.32867263
15.32276227
15.31681092
15.31085294
15.30496485
15.29909719
15.29323314
15.28736769
15.28146308
15.27554133
15.26961197
15.26367212
15.25773891
15.2518045
15.2458302
15.239842
15.23390228
15.22795097
15.22200477
15.21602322
15.2098533
15.20358921
15.19732905
15.19103296
15.18465246
15.17826167
15.17179379
15.1653471
15.15920255
15.15316641
15.14719108
15.14123427
15.13510645
15.12892386
15.12269683
15.11644208
15.11032799
15.10424326
15.09800282
15.0916937
15.0854917
15.07918491
15.07287096
15.06635359
15.05901202
15.05123971
15.0432697
15.03507067
15.02674852
15.01830515
15.00965622
15.0009066
14.99230681
14.98370944
14.97503361
14.96629688
14.95745556
14.9485228
14.93955046
14.93049692
14.92126907
14.91194368
14.9025083
14.89301003
14.88359197
14.87415414
14.86470937
14.8552209
14.84548411
14.83563311
14.82585565
14.81607025
14.80612606
14.79621594
14.78624514
14.77640014
14.76726483
14.75847101
14.74979771
14.7412778
14.73281879
14.72441417
14.71614666
14.70791414
14.69946691
14.69095482
14.68246026
14.67396756
14.66552452
14.65711844
14.64869429
14.6402994
14.63203306
14.62381349
14.61567247
14.60754723
14.59925227
14.59092698
14.58254773
14.57417767
14.56611832
14.55817435
14.55010558
14.54201086
14.5340491
14.52599947
14.51800184
14.50981218
14.50070423
14.49115256
14.48135316
14.47133717
14.46139993
14.45139466
14.44126183
14.43103393
14.42063858
14.41013455
14.39967829
14.38919098
14.37848954
14.36779063
14.35699356
14.34630272
14.33633587
14.32669228
14.31721865
14.3078834
14.2984156
14.28896179
14.27958006
14.27024864
14.2610654
14.25196981
14.2427694
14.23357705
14.22465693
14.21573148
14.20690015
14.19794384
14.18811689
14.17788834
14.1676104
14.15719272
14.14662362
14.13603699
14.1253006
14.11462501
14.10463149
14.0949472
14.08527351
14.07571428
14.06631355
14.0569379
14.04779429
14.03862665
14.0287412
14.01863759
14.00837796
13.99812823
13.98850506
13.97910408
13.96993567
13.96089207
13.95126556
13.94152408
13.93234173
13.92342288
13.9142165
13.90542867
13.89669263
13.88871
13.8836387
13.88009888
13.87737608
13.87550102
13.87390418
13.87276001
13.87231719
13.87232275
13.8723473
13.87262866
13.87315144
13.87397542
13.87541005
13.8771744
13.87928466
13.8815863
13.8835413
13.88547042
13.8875789
13.88981431
13.89221668
13.89481142
13.89750938
13.90040828
13.90379181
13.90747443
13.9113136
13.9153425
13.91956104
13.92391023
13.92845888
13.93310009
13.93755243
13.94199541
13.94647876
13.95102716
13.95579267
13.96067567
13.96565983
13.97072817
13.97575158
13.98080947
13.98601873
13.99132176
13.99661895
14.00203285
14.00747716
14.01308904
14.01927429
14.02575429
14.03245084
14.0393104
14.04607968
14.05290857
14.05981334
14.06680981
14.07410167
14.0815503
14.08892723
14.09633674
14.10398939
14.11162446
14.11936649
14.12696667
14.13365469
14.13992086
14.14602306
14.15194582
14.15788219
14.16377697
14.16953842
14.17526066
14.18111536
14.18700442
14.19291931
14.19884285
14.20467016
14.21049032
14.21630526
14.22215584
14.22819533
14.23433403
14.2405038
14.24672795
14.25301658
14.25934373
14.26573879
14.27216332
14.27849186
14.28480474
14.29117656
14.29758273
14.30399898
14.31047337
14.31696689
14.32354297
14.33038404
14.33737203
14.3444579
14.35163499
14.35883131
14.36608307
14.37340609
14.38079215
14.38825717
14.39578884
14.40335056
14.4109619
14.41866827
14.42641762
14.43423452
14.4420704
14.44977686
14.45745103
14.46513079
14.47282403
14.48059585
14.48841217
14.49625942
14.50414377
14.51204376
14.51997359
14.52797899
14.53603389
14.54407618
14.55217213
14.56029898
14.56850893
14.57697848
14.58559758
14.59428348
14.60305825
14.61192586
14.6208548
14.6298765
14.63894198
14.64790473
14.65685324
14.66586082
14.67490175
14.68396147
14.69307612
14.70219739
14.71138786
14.72082054
14.73037344
14.74002226
14.7497346
14.75937837
14.76903646
14.77871273
14.78842244
14.7982959
14.80824738
14.8181368
14.82802965
14.83805792
14.84806269
14.85811487
14.86806943
14.87746339
14.88658804
14.89562847
14.90455121
14.91341013
14.92222858
14.93093663
14.93962684
14.94854153
14.95753466
14.9665126
14.97549935
14.98447079
14.99341575
15.0023978
15.01135057
15.02011363
15.02880868
15.03742219
15.04601832
15.05480434
15.0636316
15.07251743
15.08140395
15.08999189
15.098476
15.10710685
15.11577904
15.12431506
15.1329549
15.14155419
15.15037042
15.16017642
15.1704695
15.18103023
15.19183543
15.20259581
15.21344615
15.22445563
15.23557678
15.24683396
15.25819823
15.26953951
15.28092751
15.29253823
15.30417028
15.31590765
15.32756955
15.33860373
15.34936589
15.35999951
15.37052566
15.38116904
15.39181233
15.40239996
15.41295859
15.42343398
15.43385861
15.44437738
15.45490058
15.46521095
15.47553104
15.48578603
15.49614545
15.50719509
15.51856705
15.52997463
15.54149618
15.55316031
15.56484355
15.57665389
15.58841439
15.59959273
15.61050875
15.6214259
15.63225036
15.64293189
15.65359793
15.66406601
15.67456644
15.68572871
15.69710194
15.70862161
15.72014551
15.73113459
15.74193901
15.75255422
15.76306825
15.77408177
15.78519719
15.79583266
15.80624518
15.81691921
15.82723847
15.8375177
15.84715021
15.85426363
15.86005326
15.86515015
15.8695179
15.87362591
15.87734443
15.88045207
15.88318142
15.88595808
15.88854221
15.89091098
15.89302687
15.8946403
15.89596614
15.89701377
15.89788073
15.89892908
15.89995137
15.90078915
15.90150086
15.902116
15.90257372
15.90294546
15.90314288
15.90286904
15.90231777
15.90167347
15.90087699
15.89986466
15.89876103
15.89747513
15.89616416
15.89528177
15.89454008
15.8938083
15.89308236
15.89221214
15.89126696
15.89029374
15.88926101
15.88815565
15.88698371
15.88569558
15.88432594
15.8829667
15.88152375
15.88003606
15.8784242
15.87643675
15.87424035
15.87190373
15.86943963
15.86695445
15.86439675
15.86174522
15.8590136
15.85617718
15.85325645
15.85031721
15.84732501
15.84419472
15.84102224
15.83777433
15.83453011
15.83154535
15.82866132
15.82577642
15.82291118
15.82003974
15.81714837
15.81427653
15.81137397
15.80830455
15.8051518
15.80197428
15.79875629
15.79550368
15.79223204
15.78890608
15.78556832
15.78232844
15.779109
15.77590138
15.77268043
15.76934953
15.76597351
15.76255345
15.75910572
15.75574073
15.75238846
15.74893747
15.74544124
15.74200478
15.73850394
15.73499578
15.73136731
15.72725339
15.7228851
15.71841485
15.71381349
15.70911474
15.7043473
15.6994552
15.6945181
15.68975047
15.68502486
15.6802525
15.67546069
15.67064261
15.66577636
15.66092288
15.65601536
15.65088035
15.64564693
15.64032092
15.63495506
15.6297308
15.62452599
15.61934917
15.61416225
15.60873675
15.60322357
15.59783298
15.59247441
15.58698244
15.5815722
15.57613019
15.57087251
15.56646182
15.5624747
15.55869252
15.55512457
15.5515953
15.54815933
15.54489305
15.54171955
15.5385093
15.53533427
15.53218853
15.52909127
15.52613854
15.52324316
15.52041124
15.51759414
15.51462272
15.51159852
15.50858575
15.50556895
15.50256283
15.49957423
15.49657567
15.49359747
15.49072581
15.48790471
15.48509263
15.48229891
15.47952129
15.47674457
15.47398926
15.47122486
15.46837232
15.46548263
15.46256759
15.45963624
15.45673654
15.45383612
15.45093168
15.44801582
15.44504143
15.44203784
15.43904542
15.43604517
15.43300547
15.42996669
15.42689983
15.42385104
15.42095582
15.41812148
15.41532248
15.41254095
15.40969201
15.40682644
15.4039499
15.4010681
15.39825038
15.39545013
15.39258995
15.38970572
15.38686986
15.38399374
15.38111957
15.37816339
15.37486366
15.37138702
15.36782354
15.36416645
15.36047707
15.35674101
15.35292632
15.3490678
15.3452341
15.34138588
15.33751386
15.33361513
15.32965762
15.32566673
15.32164788
15.31760847
15.31358172
15.30955055
15.30549514
15.30142658
15.29736159
15.29328348
15.28920184
15.28510253
15.28093124
15.27672336
15.27251721
15.26829872
15.26404802
15.25979608
15.25552299
15.2512641
15.24712425
15.24303641
15.23896873
15.23492081
15.23085978
15.2267992
15.22275034
15.21870395
15.21465104
15.21059629
15.20653051
15.20246071
15.1984083
15.19435197
15.19029781
15.18623011
15.18209693
15.17793123
15.17375191
15.16955674
15.16535598
15.16114863
15.15692687
15.15269967
15.14848662
15.1442754
15.14006423
15.13585063
15.1316207
15.12738433
15.12314563
15.11890464
15.11467257
15.11044558
15.10620066
15.10195473
15.09774737
15.09354223
15.08935027
15.0851475
15.08084038
15.07648772
15.07215177
15.06780803
15.06342543
15.05905226
15.0546482
15.05027534
15.04611132
15.04203568
15.0380155
15.03402828
15.02996378
15.02588871
15.02181279
15.01774246
15.01376599
15.00982623
15.00581812
15.00179398
14.99786351
14.99390019
14.98995792
14.98592541
14.98144126
14.97673332
14.97195288
14.96706977
14.96211478
14.9571178
14.95202216
14.94690774
14.94199142
14.93714313
14.93227264
14.92740663
14.92253621
14.91763943
14.9127786
14.9078846
14.90278117
14.89759944
14.89233877
14.88705713
14.88195052
14.87688325
14.87186724
14.86685555
14.86158698
14.85623287
14.85102173
14.84585651
14.84056754
14.83538057
14.83016677
14.82516206
14.82107964
14.81745876
14.81408607
14.81095106
14.80781352
14.80477577
14.8019082
14.79915393
14.79648057
14.79389719
14.79132216
14.78880559
14.78649116
14.78422362
14.78205651
14.77986189
14.77723995
14.77444563
14.77159254
14.76868644
14.76586623
14.76306671
14.76024276
14.75742471
14.75462107
14.75182502
14.74910487
14.74641097
14.74361031
14.74083096
14.73803938
14.73532249
14.73299578
14.73086357
14.72875203
14.7267192
14.7248214
14.72295535
14.72118812
14.71940188
14.71722052
14.7148718
14.71255822
14.7102043
14.70774975
14.70531193
14.70275283
14.70025744
14.6983415
14.69664206
14.69508864
14.69358392
14.69173261
14.68978464
14.68774822
14.68567374
14.68396042
14.68234432
14.68041423
14.67835772
14.67654215
14.67451404
14.67249088
14.67004223
14.66581931
14.66067833
14.65510901
14.64905599
14.64278269
14.63626244
14.62931909
14.62216124
14.61525847
14.60833629
14.60126835
14.59407217
14.58662612
14.57899773
14.57126618
14.56339086
14.55531353
14.54710195
14.53870192
14.53019635
14.52180467
14.51336409
14.50490924
14.49636544
14.48736141
14.47813973
14.4690212
14.45987066
14.4504481
14.44106891
14.43157145
14.42226838
14.41413157
14.40654743
14.39915557
14.39200486
14.38492628
14.37792284
14.37112861
14.36438249
14.3573028
14.35011777
14.34294314
14.33576116
14.32866069
14.32160507
14.31451799
14.30745618
14.30052378
14.29362734
14.28682603
14.28002791
14.27297391
14.26586307
14.25865628
14.25144975
14.24468912
14.23808613
14.23129206
14.22444917
14.21778239
14.21097595
14.20423254
14.19720039
14.18883448
14.17981792
14.17043141
14.16072094
14.15111448
14.14139824
14.13148716
14.12142651
14.11110589
14.10061376
14.09017986
14.07968883
14.06887417
14.05805175
14.04707394
14.0362394
14.02645076
14.01712233
14.00802949
13.99912636
13.99001791
13.98091722
13.97190958
13.96296221
13.95421536
13.94558236
13.93678238
13.92798056
13.91956469
13.91112809
13.90281469
13.89430522
13.88451032
13.87411423
13.8636367
13.85294109
13.84199853
13.83101482
13.81979426
13.80865045
13.7985158
13.78883004
13.7791391
13.76960207
13.76029406
13.75100495
13.74204794
13.73303127
13.72288896
13.71238582
13.70162603
13.69085533
13.68099891
13.67145352
13.66222913
13.65317115
13.64323788
13.6331179
13.62381632
13.61488918
13.60550123
13.59671498
13.58798697
13.58036356
13.57707516
13.57605928
13.57622473
13.57763568
13.57948626
13.58199611
13.58554794
13.58973768
13.59382121
13.59821793
13.60297334
13.60814928
13.61417279
13.62067781
13.62764363
13.63490806
13.64186457
13.64885815
13.65615862
13.66366232
13.67130625
13.6792023
13.68722772
13.6955355
13.70464752
13.71422261
13.72393096
13.73387983
13.74419005
13.75463313
13.76537161
13.77612196
13.78606262
13.79571438
13.80531779
13.81487708
13.82465596
13.83453608
13.84443051
13.85440078
13.86448846
13.87467127
13.8850276
13.89549895
13.90592386
13.9164643
13.92705763
13.93783588
13.94922172
13.96093593
13.97285752
13.98496974
13.99710575
14.00934149
14.0217154
14.03419808
14.04680536
14.05951892
14.07224595
14.0850371
14.09802544
14.11106443
14.12419861
14.13731281
14.15002917
14.16257944
14.17512307
14.18762035
14.20008642
14.21256054
14.22497881
14.2374267
14.25015241
14.26300187
14.27585527
14.28874821
14.30168882
14.31462721
14.32763606
14.34061895
14.35331836
14.36591226
14.37843092
14.39092236
14.40358616
14.4162915
14.42903065
14.44177602
14.45431958
14.46679287
14.47941399
14.49207616
14.50456616
14.51713269
14.52966327
14.54238162
14.5560137
14.57009975
14.58433445
14.59877689
14.61336328
14.62803284
14.64289758
14.65779646
14.67229425
14.68664941
14.70104302
14.71541875
14.72978842
14.74419836
14.75852322
14.77290073
14.78768904
14.80262135
14.81768623
14.83277412
14.847509
14.8621442
14.87666124
14.89113982
14.90605519
14.9210931
14.93581879
14.95041854
14.96523057
14.97981243
14.99440016
15.00854628
15.020883
15.03228538
15.04319617
15.05360317
15.06388663
15.07391768
15.08354269
15.09291044
15.10224895
15.1114342
15.12050465
15.12941011
15.13793863
15.14629083
15.15443659
15.16250282
15.17091476
15.17941082
15.18784486
15.19623843
15.20451212
15.21268165
15.22080725
15.22882988
15.23661293
15.24424489
15.25176453
15.25917524
15.26652836
15.27380014
15.28097284
15.28805952
15.29506367
15.30198105
15.30885006
15.31564183
15.32227931
15.32883485
15.33529188
15.34169632
15.34822294
15.35476485
15.36121156
15.36760851
15.37400916
15.38033117
15.38665381
15.39286386
15.39864142
15.40421031
15.40961324
15.41490989
15.42034373
15.42575925
15.43115344
15.43649175
15.44152224
15.44641223
15.45140688
15.45639796
15.4611828
15.46602105
15.47077451
15.47570427
15.48160702
15.48796998
15.4945469
15.50133353
15.50808026
15.5148856
15.52183238
15.5288478
15.53585705
15.5428949
15.54989799
15.5569112
15.56407926
15.57125206
15.57847248
15.58562536
15.59234502
15.59886248
15.60528589
15.61161532
15.61796512
15.62428508
15.630532
15.63673772
15.64293199
15.64909456
15.65526604
15.66141123
15.66742903
15.67341244
15.67933965
15.68527007
15.69142422
15.69766436
15.70386793
15.71007515
15.71632503
15.72254438
15.72878016
15.7349486
15.7407843
15.74644742
15.75207808
15.75762419
15.76304726
15.76842559
15.77366112
15.77888244
15.7844447
15.79009545
15.79579481
15.80146704
15.80681886
15.8120399
15.81712947
15.82213368
15.82737261
15.83263423
15.83760835
15.84243193
15.84736246
15.8520716
15.85672929
15.86101009
15.86391321
15.86607919
15.86783672
15.86917399
15.87036116
15.87131218
15.87191311
15.87227818
15.87259384
15.87275789
15.87278627
15.87264785
15.8721946
15.87156385
15.8707425
15.86981108
15.86904444
15.86827679
15.86740827
15.86646013
15.86539839
15.86422067
15.86296981
15.8616014
15.85999615
15.85823227
15.85636129
15.85437521
15.85228948
15.85011385
15.84782401
15.84545404
15.84308407
15.84066275
15.83818819
15.83564482
15.83296653
15.83020372
15.82735614
15.82444287
15.82155405
15.81863481
15.81561849
15.81253557
15.80943099
15.80624501
15.80302638
15.79970198
15.79605929
15.79224578
15.78829756
15.78424768
15.78024103
15.77618919
15.77208639
15.76791875
15.7635552
15.75908414
15.75464356
15.75017163
15.74554718
15.74092264
15.73622229
15.73159456
15.72749639
15.72363606
15.71986449
15.71618725
15.71248076
15.70878549
15.70515375
15.7015343
15.69784428
15.69412975
15.69038256
15.68661803
15.68290536
15.67918099
15.67545211
15.67168114
15.66773892
15.6637043
15.65962521
15.65549204
15.65132108
15.6471144
15.64285204
15.63855598
15.63428437
15.6299999
15.62567906
15.62132568
15.61693107
15.6124926
15.60802296
15.60350648
15.59890763
15.59425078
15.58953254
15.58476447
15.57998707
15.57516912
15.57031342
15.56540649
15.56038634
15.55529182
15.55016893
15.54499798
15.53975004
15.53446552
15.52911331
15.52374223
15.51849392
15.51327205
15.50804971
15.50280905
15.49746285
15.49206335
15.48661772
15.48113092
15.47567201
15.47019546
15.46462027
15.45898571
15.45337332
15.44768704
15.44196933
15.43613346
15.4299021
15.42345068
15.41688744
15.41019522
15.40341306
15.39654946
15.38956497
15.38251122
15.37551865
15.36851005
15.36143702
15.35431255
15.3471238
15.33986693
15.33257342
15.32521228
15.31770607
15.3101137
15.30243652
15.29470027
15.28699134
15.2792518
15.2714856
15.26367522
15.25571168
15.24766659
15.23964513
15.23160058
15.22344379
15.21528646
15.20707561
15.19891711
15.19114461
15.183548
15.17599862
15.16851718
15.16105581
15.15360629
15.14621702
15.13882684
15.13128203
15.12367509
15.11606029
15.10842582
15.10079557
15.09316771
15.08550587
15.07784441
15.07026069
15.06269375
15.05515883
15.04761655
15.03994601
15.03223637
15.0244746
15.01669873
15.00909592
15.00154482
14.99389333
14.98620473
14.97858282
14.97088526
14.96320033
14.95537274
14.94693857
14.93820047
14.92928666
14.92021444
14.91116582
14.90205289
14.8928361
14.88353977
14.8741319
14.86464107
14.8551575
14.84563473
14.83596089
14.82626666
14.816494
14.80676369
14.79744223
14.78829267
14.77922241
14.77021473
14.76111382
14.75200291
14.74291752
14.73384283
14.72482781
14.71584258
14.70678049
14.69770549
14.68876925
14.67981416
14.6708954
14.66189029
14.65237869
14.64262483
14.63283012
14.62294159
14.6129471
14.60292744
14.59280699
14.58270778
14.57299278
14.56344417
14.55388534
14.54437845
14.53495295
14.52552714
14.51622344
14.50688918
14.49710892
14.48718123
14.47714585
14.46709969
14.45740594
14.44782755
14.43836933
14.42896978
14.41921772
14.40938526
14.39986719
14.39048989
14.38092798
14.37159712
14.36228321
14.35339747
14.34620659
14.33990134
14.3340588
14.32870024
14.32349951
14.31855202
14.31400563
14.30970764
14.30538878
14.30119963
14.29714303
14.29324945
14.2896944
14.28632248
14.28313561
14.28005509
14.27679939
14.27353371
14.27037215
14.26727978
14.26425925
14.26133817
14.25846619
14.25570189
14.25322826
14.25092585
14.2486913
14.24655403
14.24453487
14.24257533
14.24072601
14.23890328
14.2368738
14.234786
14.23269779
14.23061797
14.22864151
14.22671579
14.22482059
14.22296117
14.22110314
14.21926841
14.21750837
14.21579443
14.21406665
14.2123927
14.21073392
14.2091576
14.20786802
14.20672696
14.20568858
14.20473259
14.20374787
14.20279656
14.2018905
14.20103016
14.20028543
14.19960765
14.19890639
14.19822439
14.19765284
14.19708195
14.1965603
14.19598697
14.19504606
14.19393749
14.19277185
14.1915382
14.19030431
14.18905718
14.18775653
14.18644669
14.18522181
14.18402642
14.18284036
14.18166303
14.18046022
14.17925491
14.1780583
14.17687037
14.17570579
14.17456
14.1734146
14.1722843
14.17120102
14.17013751
14.16910253
14.16807943
14.16699678
14.16590017
14.16484591
14.16381044
14.16275481
14.16173105
14.16071023
14.15974564
14.15900264
14.15837591
14.15780437
14.15729512
14.15681698
14.15637166
14.15598101
14.15561822
14.15522194
14.15482788
14.15445289
14.15409421
14.15376697
14.15346303
14.15317086
14.15289702
14.15265228
14.15242497
14.15222384
14.15203533
14.1518232
14.15161455
14.15140315
14.15120205
14.15107353
14.15097654
14.15086062
14.1507459
14.15066535
14.15057244
14.15049474
14.15038197
14.15008381
14.14969691
14.14926536
14.14879144
14.14832637
14.1478474
14.14733971
14.14681432
14.14627542
14.14572228
14.14517305
14.14461646
14.14402175
14.143422
14.14280457
14.14219748
14.141688
14.14121965
14.14076866
14.14033212
14.13987592
14.13941692
14.13896377
14.13851135
14.13806472
14.13762034
14.1371584
14.13669098
14.1362484
14.13579919
14.13535361
14.13488754
14.13431893
14.13369912
14.13306614
14.13241021
14.13173071
14.13104137
14.13032752
14.1296117
14.12896019
14.1283328
14.12769827
14.12706684
14.12644125
14.12580864
14.12519079
14.12456091
14.12384814
14.12310373
14.12233085
14.12154883
14.12082684
14.12011775
14.11942427
14.11873147
14.11795259
14.1171445
14.11638432
14.11563892
14.11484988
14.1140943
14.11332811
14.11263176
14.1122484
14.11202055
14.11187661
14.11181177
14.11174122
14.11170218
14.11171789
14.11177036
14.1118545
14.11196943
14.11208326
14.11221444
14.11241366
14.11262489
14.11286896
14.11309809
14.11316448
14.11316274
14.1131329
14.11307883
14.11305632
14.11303742
14.11300645
14.11297232
14.11292873
14.11287913
14.1128553
14.1128363
14.11276942
14.11270732
14.11263343
14.11258645
14.11270198
14.11289491
14.11309714
14.11332806
14.11359758
14.11387397
14.11418295
14.11448154
14.11463883
14.11473355
14.11483142
14.11490879
14.11495177
14.11499334
14.1149878
14.11499335
14.11516945
14.11540204
14.11567453
14.11595124
14.11609654
14.11619848
14.11625603
14.11629124
14.11645486
14.11664707
14.11672212
14.1167443
14.11683456
14.11683876
14.11683607
14.11667428
14.11588431
14.11476589
14.11347552
14.11200544
14.11047669
14.10885375
14.10708192
14.10521763
14.10336009
14.10145388
14.09949833
14.09748203
14.0953398
14.0931295
14.0908502
14.08853144
14.08627855
14.08402966
14.08174231
14.07942932
14.0770891
14.07471183
14.07231621
14.0698806
14.06733769
14.06473146
14.06209959
14.05943151
14.05672018
14.05398653
14.05121214
14.04842736
14.04571658
14.04302613
14.04033549
14.0376412
14.03490815
14.03215611
14.02939226
14.02661517
14.02383912
14.02105508
14.01824334
14.01541472
14.01259152
14.00974839
14.00690014
14.00402128
14.00103458
13.99799239
13.99491183
13.99180081
13.9887019
13.98559118
13.98246429
13.97932083
13.97613333
13.97292089
13.96971854
13.96650979
13.96325957
13.96001021
13.95674288
13.95349659
13.9503933
13.94735583
13.9443415
13.9413545
13.93836864
13.93538897
13.93243104
13.92947776
13.92649287
13.92349772
13.92050004
13.91750009
13.91451114
13.91152426
13.90853516
13.90554376
13.90254415
13.89953827
13.89653332
13.89352361
13.89049682
13.8874635
13.88442022
13.8813735
13.87835114
13.87533539
13.87230447
13.86926746
13.86623928
13.8631999
13.8601606
13.85710072
13.85395642
13.85076841
13.84756
13.84432871
13.84108721
13.83783429
13.83456165
13.83127931
13.82800961
13.82473962
13.82146378
13.81818276
13.81489016
13.81158992
13.80828591
13.80497655
13.80166051
13.79834042
13.7950122
13.79168087
13.78835906
13.78503703
13.78171745
13.77839517
13.77504665
13.77168741
13.76833577
13.76498464
13.76162291
13.75826685
13.75490628
13.75155938
13.74827982
13.74503291
13.74180418
13.73859177
13.73537472
13.73216354
13.72896292
13.72577041
13.72259032
13.71941929
13.71624688
13.71307874
13.70992795
13.70677955
13.70364064
13.70049725
13.69730676
13.69409714
13.69087907
13.68765501
13.68444412
13.68123625
13.67802764
13.6748198
13.67160554
13.66838966
13.66518581
13.66198641
13.65877369
13.65556691
13.65235905
13.64916575
13.64603903
13.64294628
13.63986431
13.63679864
13.63374783
13.63070489
13.62767872
13.6246561
13.62159921
13.61853093
13.61546853
13.61240653
13.60934431
13.60628818
13.60322622
13.60017276
13.59716539
13.59417678
13.5912056
13.58824122
13.58524604
13.58224577
13.57923881
13.57623344
13.5732774
13.57033943
13.5673771
13.56440866
13.56146635
13.55850773
13.55555689
13.55256972
13.54941262
13.54617202
13.54288794
13.53956244
13.53624063
13.53290338
13.52953757
13.5261539
13.52275839
13.5193495
13.5159426
13.51252838
13.50908006
13.50562675
13.50215844
13.49869921
13.49532408
13.49198529
13.48866181
13.48535246
13.48203081
13.47870955
13.47539707
13.47208803
13.46878191
13.46547939
13.46216717
13.45885478
13.45556733
13.45228055
13.44900126
13.44571259
13.44235392
13.43896312
13.43557265
13.4321723
13.4287536
13.42533444
13.42190249
13.41847926
13.41513226
13.4118208
13.40850943
13.40521131
13.40193606
13.39866406
13.39541976
13.39217106
13.38882896
13.38545655
13.38206501
13.37867231
13.3753494
13.37205103
13.36877658
13.36551608
13.36219523
13.35886329
13.35559492
13.3523566
13.34908365
13.34585704
13.3426369
13.33950134
13.33669336
13.33405836
13.33151119
13.32905937
13.3266491
13.32429094
13.32201524
13.31978798
13.3175386
13.31530787
13.31310918
13.31094323
13.30883693
13.30677069
13.30473652
13.30273227
13.30074118
13.29876969
13.29683267
13.29491877
13.29300559
13.2911122
13.28923101
13.28737449
13.28559586
13.28386043
13.28212669
13.28041107
13.2787402
13.27707672
13.27544144
13.27379531
13.27201889
13.27018772
13.26834403
13.26648334
13.26463042
13.26278114
13.26091994
13.2590642
13.25725164
13.25545985
13.25368038
13.25191307
13.25014434
13.24838292
13.24663405
13.24489666
13.24317451
13.2414675
13.23976635
13.23807911
13.23642458
13.23478676
13.2331705
13.23156604
13.22993268
13.22829653
13.22668721
13.22509301
13.22349692
13.22192397
13.22035687
13.21882474
13.21741318
13.21606594
13.21476111
13.21349387
13.21222651
13.21097876
13.20975695
13.20855869
13.20739843
13.20626544
13.20513702
13.20402412
13.20295067
13.2018876
13.20084937
13.19980763
13.19867724
13.19751362
13.19633754
13.1951538
13.19400086
13.1928577
13.19171646
13.19057981
13.18943242
13.18828378
13.18716242
13.1860518
13.18491349
13.18378804
13.18266101
13.18156437
13.18060717
13.17972102
13.17885365
13.178019
13.17722063
13.17643742
13.17568909
13.17494399
13.17410753
13.17323661
13.17237773
13.17151452
13.17063861
13.16977212
13.16888315
13.16801195
13.16726844
13.16657404
13.16591699
13.16527298
13.16454905
13.16380536
13.16304159
13.16227238
13.16159994
13.16095673
13.16024236
13.15950159
13.15881965
13.15808914
13.15736378
13.15653913
13.155291
13.15382587
13.15225643
13.15057352
13.14885116
13.14707338
13.1452002
13.14327592
13.1413901
13.1394913
13.13756488
13.13560866
13.13358501
13.13152271
13.12943042
13.12731427
13.12520595
13.12309066
13.12094664
13.11878809
13.11663965
13.11447897
13.11231688
13.11013681
13.10787137
13.10556458
13.10326701
13.10095929
13.0986115
13.09626732
13.09390137
13.09156064
13.08938735
13.08729146
13.08522464
13.08319077
13.08115655
13.07913049
13.07713033
13.07513763
13.07311612
13.07108725
13.06905538
13.06702314
13.06500984
13.06300059
13.06099305
13.05898277
13.0569486
13.05490216
13.05285774
13.05080798
13.04874096
13.04666962
13.04458736
13.04250534
13.04046394
13.03843749
13.03640067
13.03436264
13.03233357
13.03029556
13.02826428
13.02621559
13.0240814
13.02190753
13.01970616
13.01748589
13.01528871
13.01308863
13.01088339
13.00866867
13.00640755
13.00412477
13.00185583
12.99958524
12.99728509
12.99499236
12.99268436
12.99040127
12.98826112
12.98618589
12.98415001
12.98214331
12.98010395
12.97806784
12.97604396
12.97403233
12.97207085
12.97013547
12.96817378
12.96621378
12.96431679
12.96241508
12.96053579
12.95862189
12.95648443
12.95424262
12.95197983
12.94967752
12.94734426
12.94500317
12.94262317
12.94025083
12.93801747
12.93584451
12.93367338
12.93152316
12.92939571
12.92727066
12.92518873
12.92310228
12.92088552
12.91863055
12.91634373
12.91406016
12.91190406
12.90979196
12.90772875
12.90568896
12.90351917
12.9013206
12.89923342
12.89719731
12.89510312
12.89309352
12.89109107
12.88924107
12.88798633
12.88704248
12.88626994
12.88566888
12.88510692
12.88463344
12.88429594
12.88405077
12.8838431
12.88370074
12.88359781
12.88355561
12.88364953
12.88380379
12.88403644
12.88429284
12.88439681
12.8844587
12.88453295
12.88461694
12.88475921
12.88494064
12.88513925
12.88537285
12.88566785
12.88600677
12.88639848
12.88683073
12.88726352
12.88773078
12.88822704
12.88877082
12.88943584
12.89017602
12.89094655
12.89176342
12.89264652
12.89356462
12.89453493
12.89552495
12.89642945
12.89731193
12.89822901
12.89915924
12.90008554
12.90104087
12.9019849
12.90297077
12.90414534
12.90540404
12.90673131
12.90809496
12.90937171
12.91064176
12.91190397
12.91317884
12.91460364
12.91608729
12.91749962
12.91889731
12.92038504
12.9218273
12.92329665
12.92465609
12.92548798
12.92606069
12.92650416
12.92681956
12.92713525
12.92740148
12.92757409
12.92769238
12.92780047
12.92787672
12.92795102
12.92800085
12.92795139
12.92787893
12.9277631
12.92766079
12.92775454
12.92792935
12.92812893
12.92835517
12.92855593
12.92875187
12.92896568
12.92917872
12.92936535
12.92954245
12.92969692
12.92984349
12.93002902
12.93021268
12.93040053
12.93057021
12.9306324
12.93064166
12.93065576
12.93065155
12.9305957
12.93053338
12.93044175
12.93036416
12.93044594
12.93059859
12.93073929
12.93089984
12.93111034
12.93131784
12.93157881
12.93181502
12.9318066
12.93170715
12.93154904
12.93137091
12.93133448
12.93133833
12.93137745
12.93143302
12.93134745
12.93122486
12.93123017
12.9312875
12.93124718
12.93129281
12.93133695
12.931553
12.93248527
12.93378815
12.93526305
12.93693286
12.93869278
12.94055198
12.94258182
12.94469706
12.94670438
12.94871674
12.95078745
12.95290838
12.95512726
12.95741861
12.95974872
12.96213634
12.96461185
12.967143
12.96975039
12.97239941
12.97499666
12.97761066
12.98022759
12.98287792
12.98571563
12.98863992
12.99151662
12.99440234
12.99739817
13.00037149
13.0033899
13.0063222
13.00876063
13.01096254
13.01307897
13.0150894
13.01706483
13.01900378
13.02084996
13.02267081
13.0246261
13.02662016
13.02860472
13.03058694
13.03252902
13.0344467
13.03637184
13.03828086
13.04013115
13.04196118
13.04374513
13.04552193
13.04740096
13.04929776
13.05122915
13.05315385
13.05488205
13.05653641
13.05826437
13.06000592
13.06166704
13.06338037
13.06505962
13.06685364
13.0692035
13.07182032
13.07458797
13.07748483
13.0803248
13.08320275
13.08615326
13.08916004
13.09228118
13.09547194
13.09862746
13.10179943
13.10510417
13.10840215
13.11176075
13.1150459
13.11785404
13.12044759
13.12292507
13.12530894
13.12778056
13.13024076
13.13265248
13.13502814
13.13729551
13.13949949
13.14177275
13.14403864
13.14611951
13.14820336
13.15022171
13.15232437
13.15501921
13.15798668
13.16098894
13.16408604
13.16728203
13.17048942
13.17379746
13.1770651
13.1798782
13.18248526
13.18508387
13.18760574
13.19002388
13.19242473
13.19467141
13.19693245
13.19966359
13.20253621
13.20551076
13.20847694
13.21102648
13.21342761
13.21567277
13.21783423
13.22038324
13.2230083
13.22526179
13.22733981
13.22960722
13.23159601
13.23354985
13.2350031
13.23452417
13.23302867
13.23098967
13.2283876
13.22560224
13.22251617
13.21896487
13.21511513
13.21124761
13.20720721
13.20300703
13.19860628
13.19379817
13.1887714
13.18351335
13.17812947
13.172985
13.16786153
13.16262136
13.15729827
13.1518606
13.14629459
13.14065986
13.13489189
13.12880652
13.12252426
13.11613484
13.10961867
13.10298087
13.09625478
13.08939725
13.08247407
13.07565533
13.06883245
13.0619794
13.05507843
13.0480302
13.0409021
13.0337024
13.02644602
13.01922848
13.0119912
13.00465261
12.99725211
12.98985533
12.98238005
12.97488637
12.96728021
12.95928456
12.95109013
12.94274867
12.93429839
12.92591625
12.91749662
12.90902931
12.90050165
12.89176648
12.88292366
12.87413524
12.86532764
12.85635353
12.84739612
12.83836691
12.82944174
12.82116414
12.81318783
12.80533222
12.79760695
12.78987262
12.78217089
12.77456574
12.76699237
12.75933628
12.75166245
12.74397226
12.73627963
12.72866098
12.72104972
12.7134474
12.70582051
12.69804753
12.69020072
12.68233075
12.67442267
12.66647719
12.65850791
12.65049323
12.64245996
12.63449078
12.62653272
12.61854046
12.61052756
12.60250305
12.5944421
12.58636854
12.57824534
12.5699694
12.56160789
12.5531841
12.54470531
12.53622129
12.52770327
12.51914433
12.5105439
12.50187275
12.49315036
12.48441075
12.47563741
12.4667978
12.45793171
12.44901618
12.44009219
12.4312823
12.422505
12.41373228
12.40495399
12.39610757
12.38722809
12.37832471
12.36939614
12.36047719
12.35154487
12.34254837
12.33351422
12.32450138
12.31544374
12.30636737
12.29721624
12.28780661
12.27825396
12.26863658
12.25893782
12.24916987
12.23935076
12.22945135
12.2195135
12.20965376
12.1998023
12.18990689
12.17998443
12.17003719
12.16004664
12.15004706
12.1399976
12.12978828
12.11949821
12.10913937
12.09873644
12.08838327
12.07801962
12.06764509
12.05724612
12.04672148
12.03613774
12.02559933
12.01505832
12.00441996
11.99379993
11.98314547
11.97256358
11.96239436
11.95242375
11.94251761
11.93269921
11.92292554
11.91318271
11.90352134
11.89387554
11.88407526
11.87422292
11.86438226
11.85453775
11.84470962
11.83490228
11.82507261
11.81526424
11.80558039
11.79594186
11.78636078
11.77679255
11.7670956
11.75737244
11.74761005
11.73784969
11.72830071
11.71882704
11.70925523
11.69965794
11.69015638
11.68058582
11.67104647
11.66136049
11.65099504
11.64029709
11.62941629
11.61837018
11.60736204
11.59629571
11.58512439
11.57387885
11.56253426
11.55111573
11.53971853
11.52829247
11.51671335
11.50512448
11.49346445
11.48186351
11.47071855
11.45977348
11.44892647
11.43816105
11.4273125
11.41646771
11.40566594
11.39488942
11.3841834
11.3735205