41.60941854
41.59448244
41.58104462
41.5736322
41.56936426
41.56665149
41.56563501
41.56531589
41.56588669
41.56791316
41.57075862
41.57309836
41.57569709
41.57880995
41.5824469
41.58710566
41.59242563
41.59825285
41.6045531
41.61103108
41.61779389
41.62511542
41.63278086
41.64035997
41.64821537
41.65620539
41.6645633
41.67429083
41.68473402
41.69510703
41.70572085
41.71708222
41.72848088
41.74031059
41.75183051
41.7607754
41.76857711
41.77603621
41.78306723
41.79013911
41.79717341
41.80387428
41.81057115
41.81797971
41.82567408
41.83349325
41.84143383
41.84923677
41.85706775
41.86502602
41.8730907
41.88133333
41.88975124
41.89816585
41.90673119
41.91580799
41.92508809
41.93466444
41.9443485
41.95335688
41.96219167
41.97141979
41.98081735
41.99006035
41.99962636
42.00918208
42.01928562
42.0315765
42.04497547
42.05906955
42.07375958
42.08830738
42.10310377
42.11826641
42.13375693
42.14988549
42.16642473
42.18291692
42.19958019
42.2168835
42.23425195
42.25197695
42.26949213
42.28510107
42.29990915
42.3143245
42.32844793
42.34305842
42.35772624
42.37229748
42.38681891
42.40095758
42.41492014
42.4292939
42.44374184
42.4574869
42.47135321
42.48504104
42.49920694
42.51607983
42.53425937
42.552691
42.57164788
42.59117228
42.6108592
42.63110502
42.65127878
42.66951231
42.68692759
42.70443016
42.72170365
42.73860323
42.75554301
42.77190026
42.78845197
42.80731272
42.82696528
42.84719915
42.86752944
42.88612738
42.90418294
42.92167906
42.93891681
42.95794452
42.97740814
42.99531966
43.01255957
43.03079174
43.04790625
43.0649725
43.07992276
43.08636024
43.08836421
43.08812238
43.08548405
43.0819853
43.07724332
43.07048658
43.06254694
43.05502574
43.04701169
43.03832732
43.02888476
43.01788394
43.00598004
42.99327059
42.97998859
42.96708236
42.95403967
42.94037339
42.92632006
42.91215972
42.89757685
42.88280037
42.86751843
42.8505743
42.83272325
42.81476526
42.79641453
42.77727798
42.75798521
42.7381385
42.71845526
42.70106876
42.68462806
42.66844568
42.65255449
42.63638669
42.62013657
42.60405517
42.58790969
42.57131857
42.55450506
42.53743672
42.52019337
42.5031094
42.48589155
42.46857851
42.45100207
42.43256154
42.41363293
42.39445971
42.37499398
42.35529549
42.33540208
42.31521949
42.29487268
42.27469643
42.25448663
42.23410977
42.21359933
42.19292349
42.17206165
42.15110526
42.12995487
42.1083721
42.08653615
42.06442021
42.04212253
42.0199585
41.99769703
41.97537019
41.95288013
41.92975127
41.90629417
41.88287811
41.85935555
41.83550171
41.81164516
41.78755507
41.76361873
41.74095477
41.71882004
41.69698773
41.67534694
41.65327402
41.63114042
41.60902624
41.58694708
41.5653343
41.54391638
41.52213198
41.50027793
41.47899463
41.45757181
41.43629707
41.41456997
41.39039811
41.36503769
41.33937932
41.31321889
41.28662314
41.25985756
41.23259069
41.20532603
41.17949889
41.15425068
41.12892563
41.10374304
41.07875225
41.05370252
41.02904543
41.00424206
40.97784894
40.95091451
40.92354926
40.89612097
40.86996729
40.84420553
40.81886816
40.7937104
40.7671599
40.74025563
40.71448695
40.68920229
40.66318948
40.63800338
40.61283931
40.58924
40.57195612
40.55795373
40.54564199
40.53510499
40.52513041
40.51606677
40.5084712
40.50176544
40.49491684
40.48850465
40.48255537
40.47717712
40.47302006
40.469514
40.46665614
40.46416718
40.46103678
40.45785391
40.45503809
40.45245289
40.4500806
40.4480416
40.44614981
40.44462645
40.44417985
40.44434794
40.44471703
40.4454107
40.4465347
40.44783813
40.44952433
40.45125194
40.45205559
40.45254908
40.45298759
40.4533967
40.45414025
40.45502868
40.45597201
40.45701022
40.45806888
40.45919763
40.46056665
40.46207552
40.46349742
40.46508067
40.46669614
40.46857883
40.4714505
40.47482597
40.4785334
40.48251134
40.48639263
40.49037624
40.49450971
40.49878308
40.50339277
40.50819961
40.51292211
40.51769629
40.52282156
40.52794308
40.53321078
40.5383057
40.54222296
40.54559631
40.54878695
40.55175135
40.55468301
40.55755925
40.56024684
40.56289794
40.56585798
40.56892116
40.57199107
40.57507839
40.57809125
40.58107662
40.58409032
40.58709987
40.59005896
40.59301531
40.59592881
40.59885635
40.60195323
40.6051007
40.60832029
40.61155729
40.61454558
40.61745487
40.62051418
40.62362258
40.62660005
40.62967475
40.63272955
40.63598686
40.64014822
40.64476836
40.6495739
40.65460629
40.65976253
40.66502319
40.67048751
40.67602503
40.68131048
40.68653563
40.69181492
40.69711918
40.70249022
40.70792716
40.71335189
40.71883587
40.72454947
40.73035753
40.73627553
40.74222795
40.74797897
40.75369372
40.7593509
40.76501251
40.77101392
40.7771341
40.78307962
40.78897358
40.79503265
40.80096761
40.8069373
40.81264407
40.81718244
40.82113212
40.82478214
40.82812765
40.83142875
40.83459248
40.83751898
40.84030199
40.84307387
40.845764
40.84841023
40.85097421
40.853309
40.85555721
40.85769058
40.85980566
40.86221997
40.86473568
40.86724926
40.86977019
40.87222326
40.8746324
40.87703926
40.87940604
40.88166036
40.88384887
40.88597567
40.88805347
40.89013822
40.89218845
40.89420337
40.89616877
40.8980133
40.89978047
40.90152571
40.90322415
40.90483225
40.90640266
40.90791304
40.90940918
40.91104794
40.91273371
40.91437689
40.91601198
40.91767119
40.91929714
40.92095357
40.92255336
40.92385469
40.92502829
40.92610061
40.92712243
40.92829189
40.9294797
40.93068674
40.93188011
40.93284061
40.93371315
40.93470406
40.93572318
40.93660511
40.937564
40.93848287
40.93957997
40.94151881
40.94387132
40.94643639
40.94920667
40.95196487
40.95480093
40.95778161
40.96085098
40.96396621
40.96714373
40.97031706
40.97352884
40.97690664
40.98031439
40.98379637
40.98724286
40.99030994
40.99321635
40.99605962
40.99884426
41.00168875
41.00453716
41.00735096
41.01015555
41.01295794
41.01575249
41.01859477
41.02144422
41.02419277
41.02694469
41.02967059
41.03244307
41.03552184
41.03874414
41.04197469
41.04525415
41.04861079
41.05197503
41.05539828
41.05879247
41.06188541
41.06484104
41.0677986
41.07070736
41.0735348
41.07635369
41.07906675
41.08179915
41.08489451
41.0881075
41.09140225
41.09470243
41.09771685
41.10063479
41.10345395
41.10622209
41.10926313
41.11236259
41.11520906
41.11793954
41.12081043
41.12349378
41.12616008
41.12848339
41.12946221
41.12973756
41.12963768
41.12915127
41.12855007
41.12774666
41.12662729
41.12530548
41.12396471
41.12250458
41.12094316
41.11924835
41.11727067
41.11514934
41.11286986
41.11051495
41.10836599
41.10625276
41.10407366
41.1018495
41.09954319
41.09715386
41.09472496
41.09221168
41.08949566
41.08665443
41.08373698
41.08073671
41.07767277
41.07455104
41.0713481
41.06809536
41.06486323
41.06160611
41.05832784
41.0550105
41.05158489
41.04810556
41.04456987
41.04100097
41.03750293
41.03401226
41.03045404
41.02686183
41.02328376
41.01965455
41.01602818
41.01232386
41.0083073
41.0041408
40.99986464
40.9955146
40.99124909
40.98697163
40.98267516
40.9783452
40.9738403
40.96925557
40.96474219
40.96023162
40.95558824
40.95098083
40.94632732
40.9417899
40.93787118
40.934251
40.93075929
40.92740707
40.92407106
40.92078431
40.91760718
40.91447621
40.91127228
40.90806345
40.90485921
40.90166895
40.89855933
40.89547483
40.89241085
40.88934481
40.88618813
40.88299083
40.87979658
40.87658697
40.87334427
40.87009271
40.86681243
40.8635308
40.86034334
40.85718829
40.85400517
40.8508146
40.84764005
40.84443896
40.84124377
40.83800045
40.83455358
40.83100386
40.82739115
40.82372254
40.8200632
40.81637871
40.81265607
40.80890033
40.80508978
40.80123959
40.79738759
40.79351371
40.78957322
40.78561726
40.78162133
40.77763304
40.77379966
40.77002495
40.76626686
40.7625208
40.75873047
40.75492165
40.75111046
40.74728483
40.74344533
40.73959114
40.73568669
40.73175524
40.7278597
40.72393768
40.72000208
40.71601235
40.71181824
40.70750914
40.70317878
40.69878782
40.69428094
40.68973018
40.68509671
40.68044979
40.67602535
40.67167757
40.66726859
40.66284977
40.65847154
40.65404372
40.64965661
40.64518056
40.64025091
40.63511886
40.62984262
40.6244791
40.61928041
40.61408954
40.60889278
40.60366567
40.59817701
40.59257738
40.58712031
40.58168434
40.57602346
40.57042968
40.56477099
40.55931347
40.55490819
40.55101657
40.5473024
40.54382093
40.54045866
40.53718264
40.53411783
40.531099
40.52770577
40.52418902
40.52069934
40.5172003
40.51374938
40.51034716
40.50688709
40.50347014
40.50032899
40.49727852
40.49436273
40.49146228
40.48821319
40.48488193
40.48142644
40.47796128
40.47504913
40.47232172
40.46932787
40.46625008
40.46338058
40.46030555
40.45729061
40.45387206
40.44868357
40.44261914
40.43602117
40.42896731
40.42206366
40.41498619
40.4076337
40.40003685
40.39194339
40.38353441
40.37517858
40.36669633
40.35770478
40.34866835
40.33934528
40.33019558
40.32259779
40.31564747
40.30902072
40.30262319
40.29579424
40.28890226
40.28206256
40.27524902
40.26878454
40.26246248
40.25577255
40.24899476
40.24276049
40.23638165
40.23012439
40.22341903
40.21437122
40.20417552
40.19366837
40.18266276
40.17124189
40.15963949
40.14754202
40.13541837
40.12459135
40.11426786
40.10386045
40.09355796
40.08337057
40.07309898
40.06315445
40.05305759
40.04155163
40.02955949
40.01712331
40.00461147
39.99330857
39.98234116
39.97177041
39.96131496
39.94934107
39.93692497
39.92552408
39.91451734
39.90280408
39.89184196
39.88081159
39.87122587
39.86766279
39.8671691
39.86836969
39.87120724
39.87415466
39.87785603
39.88279472
39.88857526
39.89491995
39.90195432
39.90910024
39.91675185
39.92605678
39.93585188
39.94644121
39.95698739
39.96464858
39.97118273
39.97784211
39.9843035
39.99063721
39.997216
40.00344947
40.01012798
40.01944054
40.02996513
40.04102162
40.05261489
40.0639372
40.07528502
40.08739083
40.09960054
40.11105258
40.1226487
40.13256845
40.14260685
40.15763582
40.17352306
40.19106541
40.20802435
40.21483565
40.2174142
40.22300278
40.22841151
40.22859822
40.23015913
40.22883235
40.23175866
40.26077878
40.30150499
40.34708741
40.39714649
40.44411191
40.49083428
40.54020752
40.58944331
40.6358348
40.68112121
40.72018757
40.75696322
40.80336933
40.84843019
40.89263359
40.930678
40.93924773
40.93110908
40.92705759
40.91547771
40.87410504
40.82618085
40.76169246
40.69947003
40.70686829
40.74119717
40.7634192
40.78694916
40.82262919
40.84633818
40.8859837
40.90241642
40.79166586
40.62692932
40.41114067
40.17162702
40.00824545
39.85061187
39.7030916
39.54101589
39.23321253
38.86470123
38.54316774
38.22320027
37.8310004
37.46808076
37.06698663
36.7423368
36.83079524
37.10905858
37.50046347
37.97733615
38.36921968
38.7724012
39.20824564
39.67716178
40.28013669
40.94791528
41.55462316
42.1603673
42.88931102
43.5906678
44.34015443
44.99154754
45.09770007
44.94824459
44.67282216
44.28160667
43.9345895
43.55957274
43.11356919
42.62824427
42.10553031
41.55061459
41.03116022
40.50743292
39.87350765
39.24449815
38.57908441
37.97268287
37.72796462
37.65247254
37.64777607
37.71822621
37.7831757
37.86928598
38.01158947
38.17645779
38.30841729
38.43896288
38.56450558
38.69480933
38.87421802
39.06296295
39.2658033
39.45949602
39.56369376
39.62824799
39.68168449
39.7198409
39.75691661
39.79120711
39.81189585
39.83059676
39.87514259
39.92847346
39.98029534
40.03257383
40.08158496
40.12700554
40.17303174
40.21501003
40.24080209
40.2581138
40.27183221
40.2811357
40.28752983
40.29162666
40.29163726
40.29001118
40.29306061
40.2970479
40.29962378
40.30142861
40.30182397
40.3006183
40.29947927
40.29677347
40.2885358
40.27786478
40.26438882
40.24982222
40.23955683
40.22977362
40.2209899
40.21171146
40.19413879
40.17341385
40.1560835
40.13946532
40.11905376
40.10107463
40.08180149
40.06795946
40.07959605
40.10372082
40.13479669
40.17217405
40.20817833
40.24653857
40.28902701
40.33458335
40.38437657
40.43737873
40.48995235
40.54405249
40.60438528
40.66556436
40.7300272
40.79281069
40.83879048
40.87782241
40.91369415
40.94720877
40.98503066
41.02359558
41.06153635
41.099388
41.13474026
41.16915222
41.2072726
41.24645726
41.28053615
41.31611835
41.35076429
41.38982029
41.45117804
41.52356724
41.59901239
41.67934433
41.76394306
41.85045534
41.94187768
42.03369432
42.11305732
42.1876784
42.26335449
42.33819907
42.41197099
42.48675975
42.55852478
42.63204177
42.71990925
42.81292129
42.91050865
43.00913013
43.09627707
43.18040381
43.26099393
43.3406851
43.43509591
43.53393896
43.62311881
43.7086826
43.8014537
43.88720576
43.97382009
44.04665889
44.06127489
44.04629843
44.01536082
43.96879652
43.9207756
43.86559199
43.79868218
43.77319664
43.62589455
43.38977034
43.93659488
44.34682421
43.98804511
44.16371633
39.45205921
33.09673196
42.80502693
56.61607836
49.74098013
37.50016686
37.69800366
40.98909645
41.86086074
42.44197974
42.62095407
42.56874843
42.25812805
41.83236204
41.7036687
41.65203601
41.55061137
41.44464103
41.31971477
41.18485745
41.04774513
40.90600116
40.7577345
40.60711445
40.45121468
40.29512306
40.15469598
40.02037703
39.88398157
39.74850848
39.61596066
39.48197725
39.35229722
39.21950184
39.06321117
38.897969
38.72588284
38.55148722
38.39207105
38.23637868
38.08456474
37.93376162
37.76466802
37.59006498
37.42840843
37.27160129
37.10455598
36.94663403
36.78767691
36.64702476
36.58397582
36.56052886
36.55751697
36.57537627
36.5974245
36.62935602
36.67777079
36.73626281
36.79523895
36.85984202
36.92813226
37.00235698
37.09182795
37.1876042
37.29110529
37.39655739
37.48477753
37.56754904
37.65137394
37.73532092
37.82310319
37.91386377
38.00488112
38.09873967
38.20129206
38.30869472
38.41947336
38.53329783
38.64750814
38.76350073
38.88193912
39.00247619
39.12588388
39.2517555
39.37774047
39.50535835
39.63840052
39.77312667
39.91049207
40.04797175
40.17618811
40.30083461
40.42775612
40.55452772
40.67831725
40.80343652
40.92572739
41.05109278
41.19632978
41.34968997
41.50867404
41.67032729
41.82233056
41.97239173
42.12080925
42.26906519
42.42922702
42.5932408
42.74880382
42.90142719
43.06176285
43.2164082
43.37207987
43.51570832
43.60694659
43.67155894
43.72298931
43.76056524
43.7946985
43.82231241
43.83869724
43.84868875
43.86077928
43.87021198
43.87693705
43.87995641
43.87364728
43.8629887
43.84787788
43.83086336
43.82104488
43.81305569
43.80322971
43.79264995
43.78112934
43.76783897
43.75437906
43.73888503
43.71560371
43.68827689
43.66009588
43.63015893
43.59788311
43.56501702
43.52998992
43.49535954
43.46823894
43.44408942
43.42117562
43.39919321
43.37516297
43.35075318
43.32655723
43.30245239
43.27965385
43.25737978
43.23394841
43.21026771
43.18820579
43.16561476
43.14374501
43.1204268
43.08911555
43.05423642
43.01720918
42.97871322
42.94238804
42.9061602
42.86966559
42.83283492
42.79323244
42.75253128
42.71374921
42.67546154
42.6346802
42.59501391
42.55481546
42.51744038
42.49336438
42.47593016
42.46153312
42.4504612
42.44029068
42.43158909
42.42564617
42.42107
42.41508281
42.40929131
42.40411415
42.3996571
42.39717191
42.39569479
42.39500237
42.39484163
42.39401624
42.39314317
42.3929511
42.39303252
42.39275755
42.39275391
42.39268525
42.3930659
42.39589829
42.39989261
42.40358846
42.40755168
42.41263908
42.41761089
42.42320039
42.42807311
42.42816194
42.42604794
42.42316858
42.41938231
42.41555326
42.41153184
42.40679909
42.40194082
42.3982095
42.39487294
42.39165936
42.38857024
42.3851668
42.38174437
42.37846799
42.37532335
42.37246325
42.36986609
42.36727976
42.36492782
42.36331116
42.36201548
42.3611735
42.36053851
42.35904015
42.35737139
42.35636332
42.35568172
42.35479139
42.35444031
42.3541872
42.35483185
42.35879864
42.36453393
42.37124871
42.37896446
42.38700898
42.39560547
42.40502566
42.41500159
42.42511813
42.43559915
42.44638038
42.45754693
42.46947039
42.48179743
42.49457575
42.50758433
42.52008358
42.53252437
42.54516228
42.55795425
42.57102663
42.58435815
42.59784039
42.61157839
42.62582655
42.64041715
42.65526672
42.67037329
42.68565456
42.70113744
42.71685919
42.73278114
42.74885341
42.76510901
42.78149057
42.79804835
42.81493194
42.83200497
42.8492908
42.86670975
42.88395156
42.90120374
42.91866674
42.93625432
42.95385882
42.9716361
42.98944067
43.00748017
43.02634909
43.04563095
43.06523584
43.08505933
43.10466666
43.12432864
43.14405482
43.16389704
43.18427938
43.20491712
43.22537981
43.24585806
43.26671849
43.28749507
43.30842429
43.32904718
43.34795518
43.36604865
43.38378205
43.40114289
43.41852364
43.4357897
43.45278241
43.4696538
43.48663508
43.50359962
43.52058976
43.53755135
43.55426161
43.5709306
43.58752555
43.6041794
43.62134021
43.6387316
43.65619485
43.67375502
43.69133511
43.708944
43.7266472
43.74437648
43.76196855
43.77952824
43.79710403
43.81469716
43.83236396
43.8500805
43.86781881
43.88560176
43.90345213
43.92134852
43.93934471
43.95739198
43.97535755
43.9933584
44.01136916
44.02945864
44.04790283
44.06653039
44.08515479
44.10385285
44.12272559
44.14162369
44.16067249
44.17968193
44.19810505
44.21631595
44.23441434
44.28926205
44.25645576
44.16165177
44.65354068
45.04674104
44.87442188
45.10460114
41.686951
37.04078004
44.38542753
54.79103748
49.73310064
40.66364783
40.89730087
43.44554508
44.18559986
44.70995673
44.93595392
44.99075865
44.85633105
44.63784959
44.63820162
44.69768218
44.72052798
44.74346887
44.76655103
44.78980023
44.81307993
44.83652953
44.86050196
44.8847321
44.90920814
44.93382025
44.95819268
44.98257637
45.00695721
45.03140861
45.05639526
45.08161228
45.10660817
45.13158471
45.15692863
45.18215767
45.20750017
45.23250032
45.25572
45.2780655
45.30009251
45.3217117
45.34312861
45.36438027
45.38525802
45.40602682
45.42735285
45.44883575
45.47024034
45.49161843
45.51286773
45.53399563
45.55516073
45.57621351
45.59681641
45.61723594
45.63740611
45.657499
45.67804245
45.69864775
45.71937229
45.74005033
45.75986558
45.77934804
45.79916083
45.81902889
45.83850169
45.85819894
45.87773568
45.89778924
45.92038082
45.94419192
45.968668
45.99373102
46.01858059
46.04360707
46.06898122
46.09460182
46.1206256
46.14691779
46.17307429
46.1993024
46.22609544
46.25287572
46.27990393
46.30664279
46.33146343
46.35542067
46.37892376
46.40205056
46.42550206
46.44890247
46.47209604
46.49514568
46.51781873
46.5402585
46.56295124
46.58560847
46.60754965
46.62948596
46.6511659
46.62394121
46.71657734
46.89327913
46.28544975
45.81002706
46.0910766
45.83372481
50.45629139
56.72206101
46.94739416
33.07795028
39.89181628
52.07147874
51.80929997
48.45219401
47.51346993
46.86385042
46.61551176
46.59699963
46.83249703
47.18060308
47.23384695
47.20733234
47.22940353
47.25113397
47.27436104
47.29786974
47.31990843
47.34124555
47.36331402
47.38427815
47.40509127
47.42392952
47.43518334
47.44243989
47.44755549
47.45045107
47.45260891
47.45357395
47.45270018
47.45064418
47.44851824
47.44570665
47.44225209
47.43799811
47.43213891
47.42540694
47.41775835
47.40959754
47.40233086
47.39511925
47.38742778
47.37939177
47.3709023
47.36189628
47.35260588
47.34277741
47.33167745
47.31978572
47.3074681
47.29464065
47.28130832
47.26761899
47.25339624
47.23891297
47.22488492
47.21085552
47.19670192
47.18235883
47.16743289
47.15218391
47.13665198
47.12088445
47.10522541
47.08946338
47.07329138
47.05685998
47.04042725
47.02367434
47.00682784
46.989529
46.97071755
46.95112198
46.93094489
46.91032794
46.88993698
46.86937702
46.84860656
46.82758225
46.80576356
46.78351806
46.76144883
46.73928105
46.71646132
46.69367586
46.67059567
46.64787688
46.62754971
46.60832149
46.58951465
46.57116808
46.55276828
46.5344648
46.51649832
46.49862324
46.48039712
46.46207214
46.44366392
46.42522043
46.4070216
46.3888272
46.37063656
46.35233503
46.33349882
46.31437771
46.29515496
46.27577159
46.2562131
46.23654052
46.21667528
46.19671796
46.17698954
46.15728453
46.1374178
46.11744836
46.09742811
46.07724421
46.05699358
46.03652117
46.01538583
45.99387368
45.97209741
45.95007777
45.92800095
45.90576834
45.88334438
45.86074199
45.83789566
45.81485191
45.79171686
45.76843606
45.74489091
45.72122078
45.69735412
45.67342637
45.6498473
45.62634687
45.60282552
45.57925607
45.55544555
45.53149861
45.50744959
45.48328738
45.45909727
45.43482293
45.4103189
45.38566436
45.36104127
45.33625051
45.31136608
45.28622465
45.26028344
45.23388262
45.20726309
45.18036812
45.15321418
45.12587241
45.09825251
45.07048922
45.04297041
45.01546296
44.98778365
44.95999435
44.93211732
44.90407499
44.87598803
44.84770655
44.81882138
44.78962396
44.76016562
44.73053043
44.70104866
44.67151076
44.6419114
44.61220754
44.58205796
44.55168724
44.52145433
44.49119321
44.4605726
44.42999455
44.39927754
44.36879124
44.3397126
44.31130103
44.28309
44.2551618
44.22737197
44.19966836
44.17222714
44.14481764
44.11684123
44.08865865
44.06049679
44.03229942
44.00413374
43.9760196
43.94780322
43.91964206
43.8919115
43.86432473
43.83692185
43.80954476
43.78168871
43.75371824
43.72558824
43.69744399
43.67002672
43.64285451
43.61531198
43.58765713
43.56032119
43.5327186
43.50520515
43.47714916
43.44665802
43.41496412
43.3825989
43.34962467
43.31676373
43.28367422
43.25019003
43.21642028
43.18227624
43.1478474
43.11347239
43.07897283
43.04390761
43.00878585
42.97338909
42.93818031
42.90456972
42.87164731
42.83905161
42.80672366
42.77407712
42.74142163
42.70889638
42.67643876
42.64421184
42.61211678
42.57976434
42.54739142
42.51556541
42.4837005
42.45199827
42.42000697
42.3861739
42.35147518
42.31666064
42.28153043
42.24602893
42.21046483
42.17455618
42.1387604
42.10444329
42.07078483
42.03711691
42.00367551
41.97057706
41.93750795
41.90493162
41.87226798
41.83793692
41.80307302
41.76782949
41.73257249
41.69867752
41.6652474
41.6322992
41.5996012
41.56560018
41.53132401
41.49826512
41.46576693
41.43259862
41.40033213
41.36815763
41.33763033
41.31354058
41.29282766
41.27389363
41.25681752
41.24036249
41.22489218
41.210965
41.19800517
41.18500152
41.17251885
41.16056297
41.14925095
41.13924906
41.12996561
41.121411
41.11328252
41.10450118
41.0957013
41.08731698
41.07921786
41.07142263
41.06403032
41.05684974
41.05010176
41.04447153
41.03951165
41.03483946
41.03056205
41.0267494
41.02319028
41.02007172
41.01708613
41.01337961
41.00949541
41.00564048
41.00185042
40.99848181
40.99533334
40.99233283
40.98949392
40.98666934
40.98395213
40.98154367
40.97933364
40.97709605
40.97508842
40.97315961
40.97156939
40.97110396
40.97123027
40.97177512
40.97265702
40.97344024
40.97437047
40.97549141
