82
69
104
87
88
79
106
99
74
99
84
78
67
92
102
82
101
92
76
90
107
69
85
83
87
78
91
81
81
85
92
80
83
86
107
108
78
76
90
82
99
101
82
102
80
84
81
84
84
92
98
101
98
80
106
82
82
88
99
95
102
98
103
93
109
97
90
108
101
86
98
112
104
99
94
97
69
107
65
124
83
122
84
88
90
86
89
80
88
111
78
112
102
92
106
88
83
100
105
103
112
94
107
89
80
100
76
83
101
97
100
97
113
96
101
87
91
91
107
91
107
95
86
90
80
93
71
90
101
76
89
105
93
100
79
79
96
89
81
84
95
96
91
121
105
104
68
102
118
112
102
103
83
80
91
100
95
86
99
101
73
128
95
81
94
105
98
103
88
97
97
95
89
117
93
98
99
119
94
100
92
72
98
94
80
95
88
99
82
79
97
81
76
84
73
86
94
99
84
87
88
66
93
92
102
110
115
102
98
97
96
97
79
113
96
97
99
79
89
93
86
76
110
93
92
111
98
95
111
107
92
78
86
114
92
91
99
89
91
97
95
97
109
101
100
77
83
94
99
90
72
83
91
103
99
85
97
101
75
92
89
97
95
86
94
87
85
112
90
92
102
79
85
86
92
93
79
84
83
75
84
89
67
71
86
78
75
97
97
94
91
85
85
93
95
97
100
77
102
92
92
121
86
83
99
94
80
96
102
80
138
84
110
111
84
81
84
84
97
133
97
95
89
100
116
110
129
132
82
85
90
79
96
88
88
86
79
88
93
99
92
109
90
88
96
89
88
90
97
69
84
68
113
102
102
79
101
85
97
103
94
103
84
92
85
100
82
87
96
83
80
84
85
79
114
96
83
96
89
104
96
101
104
74
74
97
101
91
116
92
108
93
92
91
94
95
104
102
99
100
91
86
101
105
105
84
105
139
68
86
97
77
93
97
95
84
79
78
92
120
87
75
85
74
101
94
116
83
94
100
101
122
110
92
111
90
102
91
97
103
101
94
72
94
106
94
89
102
104
97
106
99
120
102
96
85
99
91
84
114
87
109
117
89
104
113
93
93
113
90
87
117
101
108
84
106
83
101
117
94
88
87
94
101
114
83
88
90
110
120
103
99
75
102
95
104
111
112
101
88
98
97
79
95
99
95
107
87
98
95
92
87
82
97
104
106
90
81
76
68
81
92
86
72
77
99
100
105
75
85
86
82
93
89
93
115
91
101
83
85
120
106
76
96
81
96
105
106
87
100
92
100
81
100
106
99
104
88
90
99
83
100
97
89
87
97
86
115
104
104
85
76
96
118
101
91
82
105
83
90
117
123
96
83
82
94
78
96
86
88
95
90
86
98
88
81
93
116
114
97
107
84
94
91
107
90
98
105
104
80
78
109
100
99
93
92
88
104
96
98
95
89
90
98
93
107
117
94
74
123
99
88
118
101
93
97
112
75
117
109
105
117
98
94
115
106
114
116
127
104
92
98
116
89
105
99
99
95
87
110
89
113
102
108
107
96
91
88
96
102
88
102
105
98
98
84
89
87
97
83
85
115
85
99
129
109
110
91
103
102
87
94
102
97
114
87
105
117
99
79
104
105
107
94
102
97
111
99
83
105
98
89
109
91
87
98
105
91
87
89
100
101
98
119
95
96
109
92
93
86
85
92
82
118
113
122
81
90
120
100
110
97
113
83
125
114
97
121
99
105
105
88
76
100
88
146
107
80
118
111
130
110
96
98
112
104
110
84
101
108
75
119
93
81
102
94
102
91
108
103
102
90
100
86
99
103
91
108
76
110
80
104
105
98
103
106
116
112
127
94
98
105
112
108
105
93
119
95
86
98
94
109
88
91
100
88
107
105
104
99
119
104
99
100
94
113
114
89
91
86
111
102
93
76
101
116
99
96
112
93
77
80
116
92
97
80
90
90
82
91
98
86
95
103
94
107
108
110
108
104
106
100
93
59
103
90
111
91
100
101
99
83
86
94
90
80
97
95
90
90
83
104
79
87
76
91
110
87
85
104
81
100
98
99
85
88
109
90
102
83
90
85
106
101
105
84
100
74
109
102
109
106
84
111
93
93
92
76
121
97
83
107
94
100
77
87
90
97
89
87
78
101
77
79
82
83
82
99
97
101
86
85
106
117
82
102
103
76
103
93
95
139
101
77
100
90
120
101
116
86
109
86
109
116
97
112
109
106
102
104
89
89
76
95
88
112
81
101
101
104
94
111
108
104
93
92
86
113
93
100
92
80
92
126
102
109
104
95
84
81
103
83
103
83
58
109
89
93
104
104
123
104
93
76
103
103
100
105
108
90
122
103
114
102
87
98
88
107
102
80
81
96
107
105
113
98
93
104
94
107
107
97
102
82
90
97
124
109
96
92
109
102
103
105
107
104
103
91
113
110
88
93
96
87
92
84
88
101
100
107
108
92
101
106
114
124
118
119
127
118
102
92
100
84
86
97
83
101
110
121
112
79
112
109
125
120
85
100
76
85
83
98
97
107
107
103
104
120
78
97
108
112
102
97
97
118
105
86
95
83
85
97
103
92
117
107
95
105
93
98
93
111
102
102
92
119
103
91
100
114
94
109
99
106
115
100
105
109
112
98
96
108
95
87
99
93
127
104
105
107
77
90
109
98
115
107
96
106
120
105
105
110
107
93
110
103
112
113
105
91
100
105
124
88
117
88
80
97
104
95
93
104
106
84
130
102
96
91
110
95
115
95
95
99
100
101
95
131
96
114
104
99
108
85
94
112
97
94
98
101
121
114
107
106
93
96
88
103
97
121
95
116
88
106
86
100
98
94
78
88
127
109
103
106
107
117
87
121
97
101
126
120
84
101
114
98
104
88
95
119
83
92
87
112
124
102
94
110
113
111
109
92
103
87
105
106
107
91
96
95
104
118
116
109
102
122
101
112
102
97
108
103
95
118
94
98
114
104
106
116
92
112
110
115
117
93
107
96
94
94
96
68
94
100
107
85
84
99
103
114
120
125
99
110
84
109
90
102
105
114
111
99
97
117
101
111
108
95
102
110
105
119
86
142
93
113
113
95
117
107
109
84
90
86
114
100
130
96
111
110
105
107
99
91
97
90
100
97
92
95
99
104
82
123
114
126
103
86
117
91
104
93
86
100
106
109
104
117
107
104
94
105
126
99
85
103
116
78
114
114
90
106
117
107
114
91
94
110
95
117
112
113
98
104
103
89
113
107
110
105
102
94
97
104
93
110
104
105
110
110
99
108
98
107
118
92
98
93
104
107
109
113
90
87
122
107
117
117
99
90
94
99
114
91
94
98
86
103
112
113
107
117
133
111
85
92
114
115
123
102
107
109
106
103
93
89
119
108
96
124
115
94
109
111
117
106
107
108
127
118
114
98
121
123
111
108
98
112
106
101
100
123
114
142
105
103
121
111
123
113
112
118
137
101
120
108
117
91
122
120
111
131
161
123
113
104
112
128
132
120
91
105
117
129
130
98
136
111
130
113
107
134
117
103
103
97
97
108
93
109
113
125
112
101
101
127
103
116
113
102
104
111
104
118
122
121
102
100
96
120
106
112
118
86
81
101
106
116
115
115
101
86
123
121
103
117
102
111
152
114
127
100
115
127
107
140
126
105
129
111
112
120
141
129
88
112
101
143
131
124
122
128
141
114
91
108
94
105
112
92
106
108
123
116
115
108
128
116
99
116
91
132
117
114
113
112
122
109
123
111
127
109
99
94
115
121
121
100
119
116
99
110
108
124
102
110
134
126
117
123
113
120
105
108
109
129
112
127
118
111
86
83
104
108
123
135
126
125
120
116
124
113
95
122
102
111
94
118
108
98
117
113
98
96
120
129
110
115
113
124
132
90
114
96
127
121
105
126
111
115
98
98
87
118
117
121
131
108
118
93
91
118
108
121
134
110
113
121
108
129
100
124
114
94
133
121
95
124
130
108
127
98
130
117
110
115
112
131
122
106
120
112
117
101
121
132
136
131
122
108
118
109
130
117
108
109
118
136
115
109
112
124
117
119
104
109
121
101
124
102
115
122
98
101
125
117
114
89
116
123
103
124
125
126
108
130
114
107
121
141
120
114
112
105
113
114
121
130
139
118
100
137
113
125
132
115
108
107
116
125
138
101
136
129
116
129
109
128
122
114
125
115
127
118
129
124
143
119
120
107
132
123
134
131
114