7.755244755
8.72027972
9.561771562
10.24941725
10.75291375
11.04195804
10.51048951
10.16317016
11.03962704
9.7995338
9.020979021
8.006993007
7.053613054
7.249417249
8.095571096
8.216783217
8.766899767
8.96969697
9.939393939
9.326340326
9.776223776
10.00699301
9.391608392
8.757575758
8.347319347
7.662004662
6.769230769
6.235431235
7.235431235
7.41025641
9.347319347
9.925407925
10.15384615
9.902097902
9.692307692
9.435897436
7.645687646
7.344988345
7.10955711
6.272727273
7.237762238
7.093240093
7.703962704
8.787878788
10.08857809
10.82750583
9.946386946
9.032634033
8.675990676
7.606060606
6.65967366
6.44988345
7.016317016
7.881118881
8.811188811
9.314685315
8.962703963
9.275058275
11
10.95337995
11.04195804
10.45687646
10.1958042
10.16317016
9.706293706
9.058275058
8.48951049
10.10722611
10.82051282
11.57575758
11.48951049
9.65967366
9.482517483
8.75990676
6.932400932
6.738927739
6.018648019
6.703962704
7.191142191
8.004662005
8.736596737
9.102564103
8.734265734
8.242424242
8.242424242
9.03030303
7.916083916
7.538461538
7.37995338
6.811188811
7.643356643
8.181818182
7.512820513
7.543123543
7.927738928
8.617715618
8.191142191
7.303030303
7.634032634
7.326340326
8.533799534
9.03030303
8.249417249
7.974358974
6.904428904
7.699300699
6.773892774
7.132867133
7.72960373
7.144522145
7.902097902
8.473193473
8.261072261
8.599067599
7.571095571
7.778554779
6.263403263
6.505827506
4.923076923
5.289044289
6.857808858
9.062937063
9.962703963
10.17249417
9.233100233
8.902097902
7.692307692
6.827505828
5.741258741
7.846153846
8.832167832
10.03263403
9.615384615
8.627039627
7.862470862
7.165501166
6.435897436
5.855477855
6.13986014
8.531468531
9.440559441
10.01864802
10.77855478
11.70629371
11.18414918
9.7995338
9.923076923
9.468531469
9.284382284
10.44988345
9.685314685
9.289044289
9.981351981
9.557109557
8.557109557
8.284382284
8.72960373
8.508158508
8.044289044
9.065268065
8.967365967
8.848484848
9.617715618
9.522144522
9.079254079
7.946386946
7.452214452
6.27039627
5.582750583
5.986013986
6.494172494
7.599067599
8.801864802
8.89044289
7.941724942
7.484848485
7.037296037
6.764568765
7.207459207
7.130536131
7.596736597
7.923076923
7.428904429
7.678321678
6.986013986
7.086247086
6.568764569
7.03962704
7.657342657
7.529137529
6.967365967
7.62004662
8.778554779
11.004662
10.60606061
11.51515152
11.78321678
11.24242424
10.57109557
9.867132867
9.459207459
9.261072261
9.181818182
9.328671329
9.226107226
10.72027972
10.47552448
9.883449883
9.179487179
8.778554779
8.706293706
7.398601399
7.032634033
5.771561772
6.137529138
7.284382284
6.58974359
8.023310023
8.832167832
8.699300699
10.68997669
11.77156177
13.10722611
11.80652681
11.91608392
11.4032634
9.664335664
9.048951049
7.965034965
6.827505828
7.004662005
7.876456876
8.682983683
8.554778555
9.783216783
9.191142191
8.505827506
8.438228438
8.503496503
7.972027972
8.205128205
8.515151515
7.10955711
7.566433566
7.205128205
7.736596737
8.613053613
10.75757576
11.44988345
11.88811189
12.70629371
11.76689977
9.771561772
10.27738928
9.219114219
10.31235431
11.14219114
10.70862471
10.69230769
11.17715618
12.02797203
11.83682984
10.76223776
10.81818182
10.61305361
10.56876457
10.02097902
7.393939394
7.314685315
7.939393939
8.825174825
9.454545455
8.979020979
9.678321678
10.48484848
10.18181818
9.317016317
7.571095571
6.843822844
6.997668998
7.027972028
8.016317016
7.291375291
7.538461538
6.617715618
6.356643357
6.072261072
6.226107226
6.713286713
6.995337995
7.391608392
8.10955711
7.230769231
7.212121212
6.156177156
6.198135198
6.1002331
6.743589744
7.303030303
6.974358974
8.06993007
7.79020979
7.543123543
8.121212121
7.745920746
8.948717949
9.552447552
10.21445221
10.44755245
11.1025641
11.3986014
10.28205128
9.312354312
8.727272727
9.006993007
9.843822844
9.498834499
8.314685315
8.214452214
8.736596737
8.153846154
8.249417249
7.946386946
8.221445221
9.356643357
9.393939394
8.86013986
7.482517483
6.682983683
6.132867133
6.184149184
6.839160839
6.841491841
6.89044289
7.265734266
7.354312354
7.065268065
6.897435897
6.256410256
6.806526807
8.146853147
8.025641026
8.1002331
8.648018648
9.508158508
10.06526807
10.12820513
10.43123543
9.834498834
10.31468531
10.07925408
9.703962704
10.4009324
11.41958042
11.44289044
11.14685315
11.07226107
10.56876457
9.517482517
8.48018648
7.321678322
6.876456876
7.06993007
7.079254079
7.172494172
7.645687646
8.529137529
8.475524476
8.722610723
7.72960373
6.93006993
7.573426573
8.326340326
8.710955711
9.319347319
9.706293706
9.470862471
9.265734266
8.713286713
7.207459207
6.417249417
6.827505828
6.06993007
5.787878788
5.482517483
5.207459207
4.377622378
4.885780886
5.372960373
6.163170163
7.708624709
8.818181818
9.694638695
10.20512821
10.25407925
10.0955711
10.38694639
10.41258741
11
10.49184149
10.54312354
9.832167832
8.515151515
6.249417249
5.10955711
5.247086247
6.454545455
6.293706294
7.547785548
7.662004662
8.149184149
9.501165501
9.384615385
8.27972028
8.606060606
9.855477855
10.13519814
9.484848485
9.41958042
8.426573427
8.941724942
9.708624709
8.652680653
7.731934732
7.923076923
7.533799534
7.820512821
7.284382284
7.114219114
6.596736597
7.594405594
8.055944056
7.717948718
7.780885781
8.135198135
8.454545455
9.561771562
9.804195804
10.13752914
10.43123543
10.16083916
10.995338
9.396270396
9.032634033
8.013986014
8.114219114
7.750582751
8.172494172
9.018648019
9.594405594
9.522144522
9.543123543
9.249417249
8.533799534
8.158508159
8.51981352
7.878787879
8.107226107
9.706293706
9.806526807
9.505827506
9.431235431
10.46386946
9.277389277
8.787878788
8.072261072
8.522144522
9.107226107
9.592074592
9.365967366
8.96969697
9.631701632
9.277389277
7.048951049
6.286713287
6.356643357
8.655011655
8.440559441
8.554778555
9.41025641
10.68065268
11.38927739
10.87645688
9.44988345
10.08391608
9.981351981
10.85314685
9.184149184
8.263403263
8.268065268
9.072261072
9.011655012
8.571095571
8.757575758
9.319347319
10.57109557
10.47086247
9.025641026
8.235431235
7.916083916
8.305361305
7.48951049
6.445221445
7.219114219
7.181818182
8.466200466
8.242424242
7.079254079
6.881118881
7.055944056
7.475524476
7.543123543
7.107226107
7.694638695
7.827505828
8.407925408
8.568764569
8.165501166
8.496503497
9.664335664
10.58741259
11.24475524
10.4988345
10.22144522
9.888111888
9.037296037
8.641025641
7.552447552
7.545454545
7.906759907
8.72027972
9.405594406
9.263403263
10.27039627
10.82051282
10.80885781
10.78321678
9.731934732
8.557109557
7.023310023
6.529137529
5.529137529
4.722610723
5.062937063
6.149184149
6.564102564
8.680652681
9.475524476
9.655011655
9.573426573
9.403263403
8.342657343
7.24009324
6.230769231
6.165501166
4.883449883
6.160839161
6.331002331
7.034965035
6.967365967
7.515151515
7.745920746
7.34032634
7.685314685
7.118881119
6.839160839
7.606060606
7.009324009
6.673659674
6.03030303
5.568764569
6.275058275
6.31002331
6.65034965
6.263403263
7.293706294
7.715617716
7.811188811
8.331002331
8.076923077
6.993006993
7.75990676
7.505827506
7.652680653
7.214452214
7.130536131
6.818181818
7.144522145
6.82983683
6.20979021
5.636363636
5.41958042
4.883449883
4.916083916
4.561771562
5.261072261
5.997668998
6.794871795
6.811188811
7.037296037
7.699300699
7.244755245
6.237762238
6.256410256
6.874125874
8.090909091
8.892773893
8.832167832
8.953379953
8.806526807
9.214452214
9.328671329
8.741258741
9.393939394
8.48018648
8.701631702
7.93006993
7.41025641
7.188811189
6.874125874
5.867132867
6.282051282
6.407925408
7.233100233
5.806526807
6.93006993
7.769230769
8.531468531
8.631701632
8.235431235
7.68997669
7.878787879
7.857808858
8.333333333
7.505827506
9.079254079
10.50582751
10.43123543
10.8041958
10.52447552
10.02097902
9.65034965
9.347319347
8.724941725
7.433566434
8.088578089
8.037296037
8.244755245
9.235431235
9.053613054
8.813519814
9.254079254
9.967365967
9.783216783
8.981351981
8.818181818
8.142191142
7.58974359
7.834498834
6.972027972
7.941724942
9.365967366
10.45687646
10.52447552
10.48018648
10.48251748
9.710955711
8.862470862
8.512820513
7.303030303
8.356643357
8.58041958
8.675990676
9.34965035
10.23076923
10.02564103
8.909090909
8.228438228
7.808857809
6.762237762
6.948717949
7.8997669
8.881118881
10.2960373
10.57808858
10.34965035
9.708624709
8.832167832
8.421911422
8.321678322
8.237762238
8.440559441
8.044289044
9.044289044
9.372960373
9.685314685
8.515151515
8.403263403
8.37995338
8.314685315
7.114219114
7.585081585
7.662004662
8.699300699
10.05594406
10.08158508
10.2027972
10.47086247
9.314685315
8.365967366
7.874125874
8.149184149
6.673659674
7.405594406
8.44988345
8.1002331
9.463869464
9.65967366
10.27972028
10.59207459
11.08158508
10.39160839
9.778554779
9.645687646
10.24242424
9.850815851
10.9020979
11.08391608
11.27738928
10.84382284
11.5034965
11.04195804
11.16550117
10.84382284
11.51981352
10.46620047
9.708624709
9.414918415
8.074592075
8.65967366
8.226107226
8.710955711
10.32634033
12.46853147
13.23776224
13.01398601
12.15850816
11.81351981
10.66433566
10.06993007
7.223776224
7.023310023
7.778554779
8.174825175
8.03962704
8.745920746
9.146853147
10.48484848
11.79254079
11.004662
10.16317016
9.153846154
7.932400932
5.538461538
4.51048951
4.522144522
5.177156177
5.599067599
6.27972028
7.016317016
8.051282051
7.925407925
8.540792541
8.181818182
8.575757576
8.088578089
8.531468531
8.247086247
7.405594406
8.452214452
7.843822844
9.37995338
10.23310023
10.63869464
10.27738928
10.004662
9.862470862
9.496503497
8.867132867
10.7016317
10.84615385
12.40792541
12.75058275
12.30769231
12.10722611
12.16550117
10.73892774
9.897435897
9.822843823
9.68997669
8.892773893
9.123543124
10.14685315
9.939393939
10.6969697
11.6993007
11.7972028
11.93706294
12.15850816
10.67365967
9.641025641
8.948717949
9.72960373
9.258741259
9.058275058
10.08158508
10.38927739
11.38694639
12.16783217
10.81585082
9.923076923
8.652680653
8.958041958
8.477855478
8.072261072
8.193473193
8.843822844
9.144522145
9.832167832
8.706293706
9.904428904
10.13053613
10.06759907
10.17016317
9.554778555
8.836829837
7.983682984
7.13986014
7.482517483
6.89044289
8.055944056
8.123543124
7.696969697
7.554778555
7.337995338
7.228438228
7.263403263
7.65967366
8.377622378
8.857808858
9.342657343
9.365967366
9.195804196
9.662004662
10.43589744
11.6993007
11.97435897
11.3030303
12.16317016
12.15151515
12.1958042
10.86480186
9.748251748
9.55011655
9.163170163
10.20745921
9.648018648
9.009324009
9.7995338
9.475524476
9.2004662
7.377622378
7.491841492
8.543123543
8.850815851
9.694638695
9.680652681
10.1002331
9.986013986
10.13286713
9.937062937
8.706293706
9.72027972
9.62004662
9.386946387
9.27972028
9.995337995
9.501165501
9.566433566
9.585081585
9.755244755
8.785547786
8.053613054
7.247086247
7.358974359
7.827505828
8.459207459
8.468531469
8.389277389
8.428904429
9.412587413
9.582750583
10.97902098
12.05361305
11.90675991
13.01631702
13.28904429
13.11888112
11.7995338
11.44055944
12.23310023
11.36130536
11.98601399
11.53613054
9.466200466
9.2004662
10.3006993
11.53146853
11.43123543
11.48717949
11.46153846
10.56643357
11.16317016
10.85547786
8.948717949
8.93006993
9.400932401
9.715617716
8.972027972
8.724941725
7.547785548
8.193473193
8.321678322
7.748251748
6.913752914
6.093240093
6.263403263
7.881118881
8.156177156
8.65034965
9.289044289
9.456876457
9.296037296
8.881118881
8.146853147
8.540792541
9.104895105
9.801864802
9.918414918
9.834498834
9.692307692
8.484848485
8.130536131
7.515151515
7.20979021
7.268065268
6.745920746
7.062937063
7.263403263
6.941724942
6.743589744
6.501165501
6.494172494
5.93006993
6.717948718
7.326340326
8.337995338
8.629370629
9.687645688
9.745920746
9.065268065
8.962703963
8.748251748
8.414918415
8.65034965
8.498834499
8.75990676
8.927738928
8.545454545
7.815850816
8.151515152
8.762237762
8.927738928
8.923076923
8.529137529
8.372960373
8.664335664
8.599067599
8.275058275
9.167832168
10.41958042
10.16783217
10.25407925
10.18881119
10.37062937
10.79254079
11.05361305
10.56876457
10.4965035
10.93706294
10.83916084
10.35664336
9.687645688
9.198135198
8.748251748
7.662004662
7.184149184
6.298368298
7.216783217
8.592074592
8.888111888
9.470862471
9.871794872
9.673659674
9.088578089
7.540792541
6.766899767
7.016317016
7.699300699
8.421911422
8.755244755
9.121212121
10.04195804
9.736596737
10.22144522
9.662004662
8.778554779
8.871794872
8.237762238
8.305361305
7.228438228
7.592074592
8.403263403
8.927738928
9.629370629
9.811188811
9.466200466
9.076923077
9.652680653
8.944055944
7.358974359
7.706293706
7.375291375
8.606060606
9.263403263
9.438228438
9.638694639
9.927738928
10.18648019
8.522144522
7.165501166
5.855477855
5.174825175
5.913752914
5.906759907
6.303030303
7.102564103
7.027972028
7.86013986
7.708624709
8.501165501
9.312354312
10.13519814
10.40792541
10.68065268
9.596736597
8.468531469
6.722610723
5.743589744
4.216783217
4.986013986
6.391608392
7.818181818
8
9.102564103
8.622377622
9.603729604
9.869463869
9.13986014
8.617715618
8.671328671
8.694638695
8.307692308
7.834498834
9.284382284
9.144522145
10.55477855
11.17482517
10.93939394
10.24941725
9.086247086
7.82983683
8.55011655
9.643356643
10.13986014
10.06060606
10.48484848
9.75990676
8.454545455
7.972027972
7.025641026
6.053613054
7.459207459
7.435897436
6.487179487
7.118881119
6.941724942
6.496503497
7.811188811
9.51048951
10.3030303
11.80652681
13.21212121
12.55011655
10.06060606
9.622377622
7.93006993
6.988344988
6.606060606
6.163170163
6.755244755
8.268065268
9.097902098
8.594405594
8.321678322
9.561771562
10.24475524
10.995338
10.54778555
10.12820513
9.741258741
9.487179487
9.093240093
8.247086247
8.738927739
8.093240093
9.027972028
10.63636364
11.47319347
11.43123543
11.54545455
11.58508159
11.26806527
11.46620047
11.75524476
10.15617716
10.63869464
11.42657343
11.86013986
10.98601399
10.72027972
10.74592075
10.02331002
10.33333333
10.42890443
9.904428904
9.356643357
9.55011655
9.918414918
9.554778555
10.08391608
9.473193473
8.603729604
8.634032634
9.002331002
8.717948718
8.494172494
8.86013986
9.354312354
9.386946387
9.526806527
8.925407925
9.289044289
8.393939394
8.475524476
8.137529138
8.324009324
9.130536131
10.83916084
11.19114219
12.16550117
11.88811189
12.29370629
10.89044289
9.920745921
9.013986014
7.634032634
7.296037296
7.104895105
7.641025641
8.391608392
8.727272727
9.724941725
9.678321678
9.694638695
10.2960373
9.223776224
9.10955711
8.445221445
8.452214452
7.96037296
6.386946387
6.156177156
5.850815851
6.547785548
6.904428904
7.717948718
8.96037296
8.58974359
9.184149184
8.883449883
8.186480186
8.484848485
8.289044289
8.645687646
9.03962704
9.827505828
9.687645688
9.515151515
10.52913753
10.30536131
10.25641026
9.503496503
8.769230769
8.046620047
7.496503497
6.827505828
5.601398601
5.536130536
6.421911422
7.058275058
6.839160839
7.027972028
7.571095571
7.953379953
8.319347319
8
7.121212121
7.424242424
8.445221445
8.641025641
8.447552448
8.335664336
8.344988345
6.869463869
5.955710956
4.624708625
4.137529138
5.965034965
7.055944056
7.904428904
8.906759907
9.086247086
8.792540793
7.114219114
6.268065268
4.958041958
5.685314685
7.648018648
7.664335664
8.755244755
8.755244755
9.536130536
9.529137529
9.212121212
8.265734266
7.347319347
7.377622378
8.086247086
7.780885781
7.839160839
6.825174825
8.27039627
8.610722611
9.820512821
9.496503497
9.198135198
9.067599068
9.885780886
9.083916084
8.216783217
7.834498834
8.177156177
8.990675991
9.347319347
8.724941725
8.680652681
8.174825175
7.785547786
6.818181818
5.741258741
5.568764569
5.228438228
7.328671329
8.319347319
8.832167832
9.251748252
8.393939394
8.904428904
8.083916084
7.114219114
6.484848485
6.324009324
7.671328671
8.004662005
7.820512821
8.081585082
7.610722611
8.058275058
7.398601399
7.389277389
7.937062937
9.249417249
9.060606061
9.375291375
8.617715618
7.724941725
6.459207459
6.662004662
6.939393939
7.009324009
8.48018648
9.202797203
8.708624709
9.202797203
7.983682984
7.696969697
7.757575758
8.097902098
7.757575758
7.088578089
7.568764569
6.801864802
6.89044289
6.848484848
6.974358974
6.813519814
6.813519814
6.545454545
6.305361305
6.016317016
5.913752914
5.764568765
5.848484848
5.473193473
6.398601399
6.046620047
6.986013986
7.678321678
7.44988345
7.247086247
7.151515152
7.13986014
6.324009324
6.072261072
7.498834499
7.757575758
8.13986014
7.979020979
6.454545455
7.076923077
6.244755245
6.156177156
5.797202797
6.163170163
6.785547786
6.135198135
5.89044289
4.743589744
4.648018648
6.172494172
5.298368298
6.233100233
7.223776224
7.801864802
7.96037296
7.188811189
7.592074592
6.995337995
7.407925408
6.797202797
6
6.365967366
6.662004662
5.822843823
5.456876457
4.617715618
4.158508159
4.624708625
4.363636364
4.948717949
6.622377622
7.93006993
8.219114219
8.445221445
8.158508159
7.421911422
7.275058275
7.093240093
6.671328671
7.125874126
7.813519814
7.533799534
6.414918415
6.797202797
6.149184149
6.177156177
6.636363636
6.468531469
7.314685315
6.785547786
6.655011655
6.515151515
5.981351981
5.634032634
5.289044289
5.675990676
6.013986014
6.811188811
6.762237762
6.151515152
7.027972028
8.538461538
9.867132867
9.741258741
9.976689977
9.841491841
10.06526807
9.902097902
8.452214452
6.974358974
5.745920746
5.769230769
5.804195804
5.214452214
5.757575758
7.046620047
9.191142191
9.296037296
9.060606061
8.384615385
7.156177156
6.997668998
7.079254079
8.167832168
9.55011655
11.08391608
11.43822844
10.53846154
10.36130536
9.144522145
8.193473193
7.638694639
7.351981352
6.909090909
7.10955711
7.547785548
7.48951049
7.275058275
7.578088578
7.96969697
8.559440559
7.717948718
6.68997669
5.916083916
6.018648019
4.927738928
4.517482517
4.004662005
5.305361305
6.501165501
7.372960373
7.524475524
8.335664336
10.19114219
10.52913753
9.869463869
10.68997669
9.897435897
9.904428904
8.277389277
7.778554779
6.391608392
6.317016317
6.433566434
6.261072261
6.114219114
6.764568765
6.440559441
6.317016317
6.24009324
6.86013986
6.680652681
7.946386946
8.27039627
8.477855478
8.20979021
8.613053613
8.193473193
7.671328671
6.906759907
6.678321678
6.787878788
8.433566434
9.041958042
8.424242424
8.501165501
9.186480186
9.727272727
9.361305361
8.034965035
7.468531469
6.72960373
6.776223776
5.988344988
5.515151515
4.983682984
5.757575758
6.603729604
6.571095571
5.946386946
6.027972028
6.571095571
7.065268065
7.780885781
8.944055944
9.006993007
10.35897436
9.692307692
9.407925408
8.990675991
8.804195804
8.293706294
7.230769231
7.631701632
8.27039627
8.687645688
8.433566434
8.594405594
9.097902098
8.948717949
8.461538462
6.8997669
6.351981352
7.745920746
7.491841492
7.300699301
6.013986014
6.470862471
6.314685315
5.745920746
6.195804196
5.44988345
6.440559441
7.804195804
7.324009324
7.272727273
6.508158508
6.62004662
7.142191142
7.627039627
8.575757576
8.806526807
9.435897436
9.144522145
8.016317016
7.142191142
6.314685315
6.046620047
6.58974359
7.165501166
7.988344988
8.363636364
8.230769231
7.291375291
7.179487179
7.361305361
7.913752914
8.414918415
8.522144522
8.386946387
8.822843823
8.184149184
7.981351981
6.596736597
7.03030303
7.305361305
7.787878788
7.843822844
7.317016317
6.741258741
7.090909091
7.344988345
8.027972028
6.96969697
7.897435897
8.300699301
8.468531469
8.883449883
9.158508159
8.946386946
9.2004662
9.298368298
8.902097902
8.051282051
7.386946387
7.461538462
7.300699301
7.603729604
7.475524476
7.552447552
7.447552448
7.932400932
8.703962704
8.34965035
8.862470862
9.566433566
9.624708625
10.18414918
9.675990676
9.051282051
9.468531469
9.664335664
9.396270396
8.955710956
9.002331002
8.552447552
7.944055944
7.699300699
6.918414918
5.72960373
6.517482517
6.307692308
7.442890443
8.965034965
9.939393939
11.72261072
12.61771562
12.26107226
11.72727273
10.23543124
9.522144522
7.769230769
7.03962704
6.228438228
6.265734266
6.363636364
6.948717949
7.526806527
7.827505828
7.356643357
7.083916084
6.622377622
6.282051282
6.424242424
6.356643357
6.662004662
7.503496503
9.7995338
9.724941725
9.864801865
9.839160839
9.321678322
8.214452214
7.025641026
6.135198135
5.405594406
5.603729604
6.634032634
6.666666667
6.902097902
6.524475524
6.762237762
6.825174825
6.608391608
7.82983683
8.305361305
9.296037296
10.47319347
12.09090909
11.53379953
10.7016317
10.82051282
9.617715618
8.002331002
8.193473193
8.065268065
7.477855478
8.365967366
8.825174825
7.573426573
6.552447552
6.277389277
4.587412587
4.578088578
4.741258741
4.734265734
5.326340326
6.153846154
6.752913753
6.965034965
7.121212121
7.407925408
7.561771562
8.114219114
7.072261072
6.205128205
6.011655012
4.962703963
4.158508159
4.191142191
3.673659674
4.128205128
5.426573427
6.17016317
6.878787879
6.58974359
5.878787879
4.286713287
4.123543124
4.456876457
4.044289044
4.531468531
5.37995338
5.962703963
6.235431235
5.995337995
5.004662005
4.335664336
5.382284382
5.31002331
5.235431235
5.491841492
5.319347319
5.344988345
5.603729604
6.426573427
7.20979021
7.848484848
7.932400932
7.48018648
6.431235431
5.846153846
4.841491841
4.102564103
3.016317016
2.484848485
2.475524476
2.806526807
3.878787879
5.575757576
6.286713287
8.275058275
9.841491841
9.983682984
10.0955711
8.694638695
8.142191142
7.456876457
7.594405594
7.543123543
6.445221445
7.293706294
7.937062937
7.846153846
8.58041958
8.655011655
8.888111888
8.815850816
9.006993007
8.076923077
8.263403263
8.974358974
9.354312354
8.876456876
8.769230769
8.41025641
7.862470862
7.505827506
6.543123543
6.424242424
7.331002331
7.188811189
7.198135198
7.207459207
7.233100233
7.254079254
6.815850816
6.137529138
5.955710956
5.981351981
5.72960373
5.762237762
6.13986014
6.573426573
7.086247086
7.505827506
6.731934732
6.717948718
7.060606061
6.874125874
6.794871795
7.058275058
7.181818182
6.934731935
6.242424242
5.011655012
4.188811189
4.508158508
5.128205128
5.268065268
5.995337995
6.988344988
7.902097902
9.34965035
9.624708625
9.748251748
9.722610723
9.909090909
9.671328671
9.046620047
9.233100233
8.571095571
8.144522145
8.384615385
8.680652681
8.65034965
7.96037296
7.648018648
7.652680653
7.428904429
7.885780886
8.10955711
7.951048951
7.505827506
7.643356643
7.452214452
8.032634033
8.596736597
9.107226107
8.517482517
8.958041958
9.125874126
8.303030303
6.843822844
6.433566434
6.797202797
8.17016317
9.076923077
9.321678322
9.715617716
10.4032634
10.02097902
8.888111888
7.869463869
6.995337995
6.386946387
6.177156177
5.93006993
5.442890443
5.7995338
6.137529138
6.324009324
5.895104895
6.494172494
6.011655012
6.484848485
7.442890443
7.512820513
7.594405594
8.079254079
8.333333333
9.440559441
9.324009324
9.983682984
10.004662
9.524475524
8.601398601
7.547785548
7.244755245
6.920745921
6.03962704
6.680652681
5.652680653
6.787878788
6.904428904
6.461538462
5.251748252
5.391608392
6.496503497
6.414918415
6.51048951
7.06993007
6.825174825
8.452214452
7.48951049
8.158508159
7.72027972
8.948717949
9.515151515
9.188811189
8.941724942
8.111888112
7.51981352
6.641025641
5.261072261
6.601398601
7.342657343
8.354312354
7.44988345
8.806526807
9.121212121
8.68997669
8.573426573
7.24009324
6.804195804
6.916083916
6.920745921
6.1002331
5.088578089
6.801864802
7.284382284
7.892773893
7.594405594
6.916083916
7.365967366
7.198135198
7.594405594
7.533799534
7.289044289
7.752913753
6.951048951
7.93006993
7.764568765
8.554778555
8.834498834
8.855477855
9.058275058
8.65034965
8.275058275
8.75990676
7.974358974
8.965034965
8.501165501
9.400932401
8.291375291
8.461538462
7.613053613
6.965034965
7.468531469
8.934731935
8.955710956
9.547785548
9.839160839
10.55011655
9.596736597
9.337995338
8.179487179
7.554778555
7.174825175
7.678321678
7.256410256
7.242424242
7.617715618
8.536130536
9.081585082
9.107226107
9.575757576
9.286713287
9.923076923
10.23776224
9.331002331
8.114219114
7.421911422
6.769230769
6.1002331
5.351981352
4.750582751
4.426573427
5.543123543
5.393939394
5.06993007
5.757575758
6.116550117
7.79020979
9.459207459
10.09090909
10.39160839
10.51048951
10.17482517
8.263403263
6.780885781
6.177156177
6.515151515
7.699300699
7.508158508
8.561771562
8.918414918
9.207459207
9.277389277
8.787878788
8.118881119
7.221445221
7.452214452
7.331002331
6.291375291
6.855477855
6.013986014
7.006993007
6.801864802
7.484848485
7.261072261
6.363636364
6.881118881
7.547785548
6.986013986
6.920745921
6.822843823
8.053613054
8.82983683
10.46386946
10.4032634
11.26340326
11.66899767
11.81351981
11.53846154
11.02564103
10.44755245
10.15151515
10.37529138
10.11421911
8.846153846
9.946386946
8.617715618
8.675990676
8.58974359
8.428904429
8.256410256
8.179487179
8.205128205
8.1002331
7.988344988
7.965034965
7.438228438
8.251748252
8.678321678
8.447552448
8.347319347
8
7.764568765
7.018648019
6.482517483
5.51981352
6.177156177
6.58974359
6.972027972
7.251748252
7.384615385
7.125874126
7.044289044
6.375291375
5.797202797
6.088578089
6.780885781
6.652680653
7.531468531
8.027972028
8.515151515
7.869463869
8.132867133
7.906759907
8.335664336
8.976689977
9.242424242
10.04428904
11.1025641
10.23076923
10.81585082
10.2960373
10.54545455
9.827505828
8.958041958
8.543123543
8.972027972
9.454545455
9.864801865
9.289044289
9.55011655
9.895104895
10.48018648
9.592074592
8.995337995
10.27505828
9.405594406
8.897435897
8.892773893
9.172494172
8.424242424
8.801864802
10.23543124
11.48717949
12.51515152
12.6993007
10.81585082
9.296037296
8.258741259
7.396270396
5.892773893
5.608391608
6.186480186
7.093240093
7.020979021
7.517482517
7.603729604
7.505827506
7.857808858
7.839160839
8.13986014
8.692307692
8.566433566
7.454545455
7.68997669
8.319347319
7.939393939
8.044289044
7.997668998
8.431235431
8.216783217
8.060606061
6.932400932
6.046620047
6.675990676
6.137529138
6.006993007
5.745920746
5.641025641
6.027972028
6.076923077
5.766899767
5.149184149
5.116550117
4.596736597
5.219114219
6.361305361
6.414918415
7.037296037
8.331002331
9.699300699
9.24009324
8.694638695
8.181818182
7.03030303
7.48018648
8.2004662
7.212121212
7.694638695
8.857808858
9.958041958
10.66433566
11.18181818
10.96969697
10.50815851
10.30769231
8.599067599
6.664335664
6.755244755
6.717948718
7.317016317
7.951048951
7.722610723
7.058275058
7.018648019
6.317016317
4.58974359
5.086247086
5.708624709
5.811188811
5.407925408
5.445221445
5.445221445
5.587412587
6.538461538
6.384615385
7.058275058
7.944055944
8.578088578
8.461538462
7.561771562
8.195804196
7.655011655
7.629370629
7.883449883
7.752913753
8.146853147
8.102564103
7.895104895
7.552447552
7.156177156
7.68997669
7.226107226
8.135198135
9.529137529
11.04895105
10.52913753
10.06060606
9.195804196
8.331002331
7.223776224
6.291375291
5.566433566
5.818181818
5.965034965
6.2004662
5.275058275
5.438228438
5.934731935
7.053613054
7.393939394
7.750582751
8.456876457
8.65034965
8.060606061
6.571095571
5.909090909
5.461538462
4.794871795
5.494172494
5.559440559
5.876456876
7.575757576
7.785547786
7.785547786
7.582750583
8.107226107
7.827505828
6.995337995
6.920745921
6.277389277
6.013986014
6.645687646
6.067599068
6.153846154
6.27972028
6.461538462
6.608391608
6.58974359
6.888111888
7.205128205
7.911421911
8.62004662
8.883449883
9.370629371
8.526806527
8.382284382
7.526806527
7.181818182
6.337995338
6.976689977
6.643356643
6.825174825
6.827505828
6.885780886
6.235431235
6.347319347
5.8997669
6.662004662
6.636363636
6.596736597
5.512820513
5.37995338
5.044289044
4.277389277
5.058275058
4.923076923
5.41025641
6.664335664
6.470862471
6.710955711
7.041958042
7.51048951
6.731934732
5.326340326
5.552447552
4.524475524
4.123543124
3.916083916
3.668997669
4.755244755
4.526806527
5.629370629
5.475524476
6.177156177
7.769230769
8.121212121
8.615384615
8.158508159
7.871794872
6.745920746
5.682983683
5.424242424
5.303030303
5.137529138
6.048951049
6.699300699
7.445221445
7.522144522
7.559440559
6.696969697
7.27039627
6.878787879
6.372960373
5.230769231
5.272727273
4.869463869
4.403263403
4.717948718
4.361305361
3.888111888
3.818181818
4.107226107
4.006993007
4.212121212
4.34032634
4.531468531
6.118881119
7.389277389
7.834498834
7.613053613
6.909090909
7.384615385
7.407925408
7.745920746
7.89044289
7.848484848
8.307692308
8.421911422
8.118881119
7.442890443
6.186480186
6.165501166
6.559440559
7.932400932
8.384615385
8.020979021
8.058275058
9.375291375
9.335664336
9.2004662
7.792540793
7.1002331
7.668997669
8.151515152
8.293706294
8.153846154
7.937062937
7.811188811
6.51981352
6.165501166
4.44988345
3.862470862
5.333333333
5.869463869
7.93006993
9.191142191
8.911421911
8.582750583
7.801864802
7.165501166
5.832167832
5.151515152
5.326340326
5.328671329
5.986013986
6.708624709
6.979020979
6.864801865
6.226107226
5.773892774
5.839160839
6.331002331
6.468531469
6.864801865
7.179487179
7.836829837
7.827505828
7.937062937
6.648018648
6.016317016
6.398601399
6.575757576
6.526806527
6.524475524
7.305361305
6.701631702
7.032634033
7.540792541
6.095571096
6.228438228
6.638694639
6.713286713
7.477855478
7.606060606
7.862470862
7.314685315
8.125874126
7.354312354
6.456876457
6.03030303
5.825174825
6.011655012
6.03030303
5.275058275
5.048951049
6.149184149
6.286713287
5.902097902
6.186480186
6.046620047
5.911421911
6.051282051
6.344988345
6.906759907
7.592074592
7.655011655
7.361305361
7.543123543
8.114219114
7.885780886
7.463869464
7.96969697
8.130536131
7.955710956
7.272727273
6.263403263
6.51048951
6.125874126
6.421911422
6.976689977
7.431235431
7.31002331
6.135198135
5.505827506
5.17016317
5.403263403
5.389277389
4.841491841
5.027972028
5.137529138
4.585081585
4.095571096
4.743589744
5.89044289
7.074592075
7.941724942
7.566433566
7.372960373
6.536130536
6.41025641
6.305361305
6.818181818
7.522144522
8.207459207
8.382284382
8.142191142
8.48018648
8.592074592
7.496503497
8.382284382
8.657342657
8.734265734
8.522144522
8.634032634
8
8.013986014
8.407925408
8.561771562
8.165501166
8.7995338
8.867132867
9.96037296
11.03496503
11.34965035
10.73659674
10.27039627
9.867132867
9.533799534
9.020979021
8.412587413
8.613053613
9.086247086
9.006993007
8.941724942
8.004662005
7.801864802
7.431235431
7
7.016317016
7.314685315
7.797202797
7.662004662
7.554778555
8.256410256
7.242424242
7.400932401
6.68997669
7.317016317
7.174825175
7.384615385
7.813519814
7.918414918
7.144522145
6.717948718
5.932400932
6.317016317
7.023310023
7.825174825
7.424242424
8.193473193
9.160839161
8.925407925
8.442890443
7.7995338
7.993006993
8.540792541
9.174825175
7.72960373
7.300699301
6.300699301
6.277389277
5.862470862
5.358974359
4.703962704
6.081585082
7.174825175
7.188811189
7.254079254
7.536130536
7.125874126
6.596736597
5.951048951
6.412587413
6.738927739
7.13986014
7.153846154
6.599067599
7.617715618
8.011655012
8.305361305
7.086247086
7.892773893
8.920745921
8.233100233
7.400932401
7.142191142
6.202797203
6.757575758
7.475524476
7.06993007
6.972027972
7.939393939
8.1002331
7.850815851
8.116550117
7.678321678
6.834498834
6.587412587
5.671328671
4.384615385
4.328671329
3.955710956
4.025641026
4.82983683
5.132867133
5.275058275
5.543123543
5.820512821
6.006993007
6.706293706
7.454545455
7.090909091
7.972027972
8.347319347
7.307692308
7.249417249
6.305361305
5.540792541
6.153846154
6.685314685
5.773892774
6.37995338
8.254079254
9.328671329
9.202797203
9.648018648
8.403263403
8.219114219
8.783216783
7.806526807
6.671328671
7.62004662
7.724941725
7.993006993
7.403263403
7.494172494
6.587412587
7.130536131
7.456876457
7.013986014
7.634032634
7.86013986
8.125874126
8.328671329
9.242424242
9.216783217
8.736596737
9.046620047
8.473193473
7.361305361
6.333333333
5.442890443
4.843822844
3.93006993
5.151515152
5.160839161
5.331002331
6.335664336
6.668997669
6.748251748
6.298368298
6.265734266
5.745920746
5.853146853
6.230769231
6.205128205
5.372960373
6.452214452
6.888111888
7.41025641
7.235431235
8.023310023
7.475524476
8.1002331
7.934731935
7.212121212
7.083916084
7.382284382
7.629370629
7.508158508
7.648018648
7.965034965
7.426573427
8.048951049
8.27039627
7.666666667
8.601398601
7.622377622
8.428904429
8.335664336
9.130536131
9.312354312
9.762237762
9.918414918
9.743589744
9.149184149
8.475524476
7.44988345
7.261072261
7.074592075
7.72960373
7.466200466
8.074592075
8.093240093
7.944055944
8.717948718
8.680652681
8.741258741
7.827505828
8.904428904
8.918414918
7.724941725
8.293706294
8.053613054
8.578088578
9.095571096
8.417249417
7.575757576
6.972027972
7.31002331
6.58974359
6.10955711
6.906759907
7.072261072
7.897435897
7.442890443
7.111888112
6.986013986
7.172494172
6.939393939
5.731934732
4.96969697
6.344988345
6.624708625
6.909090909
6.696969697
6.981351981
6.965034965
7.10955711
6.96037296
5.871794872
6.013986014
7.7995338
7.771561772
8.941724942
9.503496503
9.832167832
10.21445221
10.33100233
10.18648019
9.818181818
9.536130536
9.361305361
9.249417249
10.13519814
9.587412587
9.20979021
8.988344988
8.023310023
7.265734266
5.993006993
5.582750583
6.135198135
6.724941725
7.685314685
7.93006993
9.258741259
10.87412587
11.83682984
12.18414918
11.08857809
10.89044289
9.979020979
9.090909091
8.750582751
7.911421911
8.645687646
9.03030303
8.841491841
8.855477855
8.543123543
8.13986014
7.312354312
6.953379953
7.214452214
7.249417249
7.610722611
7.326340326
8.300699301
8.743589744
8.65967366
9.216783217
9.498834499
9.149184149
9.060606061
8.603729604
7.839160839
7.925407925
8.361305361
8.384615385
8.202797203
8.883449883
8.265734266
8.384615385
7.906759907
7.093240093
6.827505828
7.272727273
9.006993007
9.878787879
10.28904429
10.73193473
10.15151515
10.78321678
9.93006993
8.328671329
7.841491841
7.636363636
8.088578089
6.951048951
6.941724942
6.596736597
6.298368298
6.389277389
5.906759907
5.815850816
5.888111888
6.023310023
6.046620047
6.517482517
7.44988345
7.827505828
8.300699301
8.694638695
8.31002331
8.934731935
8.645687646
8.142191142
7.226107226
7.044289044
6.363636364
5.634032634
5.06993007
4.701631702
4.531468531
5.365967366
5.067599068
4.414918415
5.034965035
6.03030303
6.822843823
8.095571096
8.1002331
8.431235431
9.997668998
10.09324009
8.965034965
8.648018648
9.587412587
9.557109557
9.111888112
8.613053613
7.794871795
8.757575758
9.575757576
9.536130536
8.2004662
8.172494172
8.461538462
7.675990676
6.657342657
6.335664336
7.013986014
7.731934732
7.543123543
8.03962704
7.522144522
7.904428904
8.787878788
9.37995338
9.696969697
9.806526807
9.839160839
8.787878788
7.897435897
7.114219114
6.195804196
5.881118881
5.906759907
5.657342657
6.265734266
6.482517483
7.233100233
7.123543124
6.916083916
7.193473193
7.883449883
7.773892774
6.599067599
5.745920746
6.083916084
5.909090909
6.233100233
5.752913753
5.668997669
5.65967366
6.34032634
5.34032634
5.158508159
5.685314685
6.51981352
7.263403263
7.456876457
6.874125874
6.235431235
4.34032634
4.13986014
3.918414918
4.65967366
6.277389277
8.151515152
9.82983683
10.08391608
9.706293706
9.337995338
7.561771562
8.118881119
8.354312354
8.671328671
9.724941725
10.06993007
10.1958042
8.167832168
7.857808858
7.24009324
6.358974359
7.601398601
7.769230769
8.944055944
9.694638695
9.766899767
8.888111888
7.1002331
7.249417249
6.976689977
7.202797203
7.386946387
8.181818182
9.058275058
9.447552448
9.615384615
9.151515152
8.347319347
8.699300699
9.214452214
9.491841492
9.7995338
9.596736597
10.02097902
10.13752914
9.431235431
8.249417249
7.601398601
7.114219114
7.27972028
7.524475524
8.228438228
7.82983683
9.573426573
10.17249417
9.160839161
8.31002331
7.501165501
7.235431235
6.86013986
7.244755245
7.540792541
8.941724942
9.515151515
10.08857809
8.988344988
8.34032634
7.906759907
8.384615385
7.606060606
8.058275058
8.230769231
9.032634033
9.375291375
9.692307692
9.123543124
8.888111888
9.431235431
9.55011655
9.391608392
8.834498834
7.906759907
8.018648019
8.396270396
7.818181818
8.461538462
9.121212121
10.03496503
9.717948718
9.498834499
8.636363636
7.806526807
7.023310023
5.748251748
5.582750583
6.703962704
6.995337995
5.941724942
5.496503497
6.447552448
6.540792541
7.391608392
7.347319347
7.839160839
8.554778555
9.2004662
8.757575758
6.717948718
6.107226107
5.944055944
5.463869464
6.766899767
7.48951049
8.011655012
8.986013986
9.17016317
9.048951049
8.062937063
6.906759907
6.662004662
6.093240093
6.076923077
7.06993007
7.522144522
8.090909091
8.160839161
9.174825175
9.093240093
8.508158508
8.452214452
6.657342657
5.675990676
5.79020979
6.424242424
7.118881119
8.296037296
9.787878788
10.27738928
10.7039627
10.43356643
9.997668998
9.265734266
8.27039627
8.997668998
8.902097902
9.13986014
8.997668998
9.256410256
9.006993007
9.006993007
9.764568765
9.403263403
8.682983683
9.067599068
7.662004662
7.568764569
6.575757576
6.648018648
5.561771562
6.34965035
7.216783217
7.617715618
8.03030303
8.764568765
8.212121212
8.331002331
8.692307692
9.426573427
9.221445221
9.916083916
10.48018648
9.687645688
10.04662005
9.365967366
8.783216783
8.337995338
8.508158508
8.256410256
8.088578089
7.27039627
7.095571096
6.547785548
7.454545455
7.708624709
8.342657343
8.51981352
8.526806527
9.212121212
9.916083916
9.540792541
8.911421911
9.172494172
8.710955711
8.081585082
7.491841492
6.564102564
5.734265734
6.715617716
6.643356643
7.657342657
8.228438228
9.160839161
8.582750583
8.58041958
7.603729604
7.03962704
5.825174825
6.701631702
6.675990676
8.177156177
8.370629371
8.685314685
8.104895105
7.848484848
6.815850816
7.053613054
6.233100233
6.72027972
6.916083916
7.216783217
7.174825175
7.356643357
7.715617716
7.932400932
8.636363636
8.981351981
8.149184149
7.745920746
7.354312354
7.144522145
6.261072261
5.65967366
5.682983683
5.263403263
5.881118881
5.496503497
5.764568765
5.881118881
6.146853147
6.538461538
6.792540793
6.466200466
6.508158508
7.174825175
8.116550117
8.505827506
9.752913753
9.561771562
9.237762238
8.932400932
7.979020979
6.188811189
5.188811189
6.062937063
6.498834499
6.319347319
6.062937063
5.393939394
6.132867133
6.629370629
6.149184149
5.813519814
5.68997669
6.545454545
6.130536131
4.755244755
4.515151515
4.96037296
6.163170163
7.55011655
8.011655012
8.137529138
8.244755245
7.848484848
6.904428904
5.876456876
5.118881119
4.540792541
3.764568765
4.836829837
5.372960373
5.076923077
6.03030303
7.104895105
7.771561772
7.421911422
6.827505828
6.843822844
6.20979021
6.111888112
6.839160839
6.904428904
7.186480186
6.986013986
6.822843823
5.764568765
6.130536131
5.7995338
4.841491841
4.545454545
5.114219114
5.160839161
5.151515152
5.205128205
5.916083916
6.687645688
7.582750583
6.962703963
6.631701632
6.207459207
5.771561772
5.701631702
6.673659674
6.226107226
6.177156177
7.011655012
6.470862471
6.083916084
6.979020979
7.048951049
7.477855478
7.386946387
7.687645688
6.608391608
5.1002331
5.752913753
5.293706294
5.456876457
6.794871795
7.27972028
7.708624709
7.51048951
7.668997669
7.668997669
6.370629371
7.216783217
7.020979021
8.060606061
9.678321678
9.251748252
9.247086247
8.337995338
7.797202797
6.682983683
5.221445221
5.701631702
6.487179487
6.986013986
8.398601399
8.03030303
8.827505828
8.552447552
8.191142191
7.65967366
6.925407925
6.96969697
7.256410256
7.305361305
7.529137529
7.65967366
8.610722611
8.888111888
9.016317016
8.783216783
7.596736597
7.396270396
7.51981352
7.529137529
6.592074592
7.382284382
8.009324009
8.193473193
8.979020979
10.07925408
10.35198135
9.596736597
9.496503497
9.037296037
8.165501166
7.792540793
6.934731935
6.358974359
6.559440559
7.083916084
6.731934732
5.815850816
6.638694639
6.634032634
5.65967366
5.554778555
5.722610723
5.573426573
6.018648019
5.505827506
5.347319347
4.869463869
5.172494172
4.428904429
3.685314685
3.741258741
4.538461538
5.326340326
6.953379953
7.888111888
8.293706294
8.745920746
9.046620047
9.212121212
9.258741259
9.202797203