0
0
0
7
7
9
12
13
13
15
15
22
22
23
23
23
23
29
30
30
30
36
38
38
39
39
41
43
43
47
47
49
49
53
57
59
61
61
0
4
4
5
9
10
14
16
18
21
22
24
25
28
33
34
34
35
35
37
42
43
43
46
49
50
51
55
55
58
63
66
66
72
72
74
74
75
0
2
4
9
9
10
12
17
21
21
24
26
26
27
31
31
36
36
36
39
41
41
45
49
52
52
56
57
62
64
64
66
67
69
73
75
75
81
0
2
6
8
8
11
11
14
14
18
19
23
25
28
28
29
30
30
34
35
35
40
42
44
44
49
49
53
55
57
58
62
62
69
69
69
70
71
0
4
9
12
16
16
21
21
22
29
29
31
32
32
38
38
42
44
45
47
48
51
52
52
53
55
58
63
63
64
67
72
73
74
76
79
79
86
0
2
2
7
9
9
10
11
11
13
13
19
19
22
22
22
22
23
27
27
27
34
34
36
38
39
39
39
43
43
48
53
53
54
57
61
61
64
0
1
1
3
3
8
8
15
15
16
19
19
21
22
22
26
26
26
27
35
37
37
37
43
46
48
50
51
51
52
52
52
52
54
57
59
62
63
0
3
3
7
10
10
16
16
19
22
22
27
27
29
31
32
33
33
36
36
36
40
43
46
49
52
52
54
57
57
58
59
62
63
64
66
72
73
0
1
1
1
8
8
12
12
16
18
22
22
23
25
25
25
28
29
29
30
32
34
37
37
38
38
38
38
38
45
45
50
54
58
60
63
64
64
0
6
10
11
13
17
24
24
29
29
36
36
36
36
40
41
41
47
51
51
53
53
55
59
60
60
60
61
63
66
69
71
73
75
76
76
78
79
0
1
7
9
13
14
16
16
18
21
22
22
24
26
28
32
34
34
37
39
42
42
45
48
50
54
56
57
59
59
62
63
63
66
67
68
69
70
0
0
0
0
3
3
9
10
12
12
15
23
23
26
26
31
31
33
34
35
36
38
39
39
46
48
53
55
57
57
61
62
63
66
66
67
68
71
0
0
0
0
8
8
10
13
13
14
14
15
18
23
23
24
26
31
32
39
40
41
41
46
48
49
50
52
55
55
59
61
64
64
65
65
67
71
0
1
4
5
8
11
13
14
18
20
22
22
24
27
29
30
33
33
36
37
39
41
43
45
47
48
48
52
53
53
53
53
56
56
59
62
65
66
0
2
4
5
7
10
11
11
13
15
18
19
20
21
22
24
28
30
32
34
34
37
39
44
45
47
49
51
51
56
56
62
63
66
66
67
67
67
0
0
2
2
3
5
5
10
13
16
18
21
22
23
24
27
29
31
31
33
34
37
37
37
37
39
41
43
44
46
48
52
56
56
58
58
59
61
0
3
3
6
8
12
15
16
19
19
23
24
25
28
33
36
37
38
39
41
44
48
50
51
52
54
56
61
61
63
64
64
66
68
68
72
72
74
0
4
4
4
7
7
9
11
12
17
19
20
22
23
28
29
30
30
31
34
37
38
40
41
45
46
51
51
51
52
58
61
62
66
67
72
72
73