71.79166667
48.37967914
63.92682927
43.28395062
58.78481013
79.0776699
47.60377358
68.07482993
64.31560284
54.96853147
68.46850394
81.51388889
42.05555556
66.64772727
67.73757455
74.69126214
81.14669052
79.07894737
69.42655936
65.18886199
61.13567839
76.26332288
58.9858156
58.18215613
65.54545455
100.5594406
97.12403101
63.88321168
59.08
79.88251366
72.93516699
85
99.68478261
66.1242236
88.9
61.62608696
62.67816092
64.61290323
56.52750809
67.93203883
81
86.92676056
95.77034884
87.40752351
71.5307377
77.76955603
64.34782609
54.36363636
62.40856031
70.10403397
74.71350365
70.41825095
68.44230769
86.67108168
75.5804878
89.16483516
59.79924242
69.69518717
79.05350554
75.03403141
59.00248756
74.61564626
89.675
98.76579926
91.85140562
70.41728395
76.53571429
40.94366197
84
43.84482759
86.55769231
60.03100775
82.80888889
58.44897959
60.14965986
72.6474359
59.20099256
68.28
60.21777778
55.17857143
105.28125
54.76923077
109.5238095
77.3373494
79.30886076
93.35261708
68.89641434
60.88860759
80.50531915
99.25471698
81.51935484
76.92090395
57.86486486
81.78614458
71.63409563
67.10037879
73.34562212
61.78571429
59.39303483
90.63157895
75.625
77.02226345
69.11528822
90.0872818
72.04904632
87.46129032
61.05333333
68.84
64.01630435
86.62765957
71.75221239
81.07779886
76.16487455
74.29704797
67.53583618
53.26739927
69.30973451
49.45794393
68.89320388
74.8705036
60.28470588
77.03874092
79.07308378
71.35412844
75.29182879
52.87719298
55.28125
72.17981073
73.75175644
60.36990596
59.42553191
80.47112462
84.02702703
63.28961749
101
92.7625
91.38961039
48.46835443
90.5
117.5609756
97.50561798
86.31612903
90.11009174
57.68085106
51.05128205
72.75799087
78.052
64.72238806
58.62382445
80.6409396
84.60176991
46.88888889
100.1627907
67.24701195
76.26694045
70.04952381
80.35181644
82.05112474
88.04592902
75.94258373
67.05961538
77.6653144
83.11330935
82.96035242
102.2966102
60.82882883
72.25071225
64.20779221
91.36908517
71.81984334
82.67356322
65.08441558
49.75
95.3030303
84.59469697
62.89724311
70.22704082
63.29978587
68.69365427
67.32730924
66.68788501
68.20286885
68.06976744
55.20779221
57.75
36.02857143
64.32142857
53.12757202
76.13901345
61.47438753
73.22663551
67.93258427
47.64772727
69.40853659
79.54766355
80.4318618
68.70119522
99.24344569
81.6013986
73.03163017
91.60099751
71.68199234
96.47701149
60.85416667
93.26748971
72.92702703
78.73153153
74.1797235
49.29767442
74.56140351
63.15384615
72.84193548
58.15116279
107.5188679
80.25247525
83.38082192
94.67924528
83.15544041
80.68045113
102.5354331
89.19745223
62.015625
54.5619469
62.06666667
103.2094595
89.83111111
75.27096774
85.27324478
74.60761905
80.44444444
83.60733945
79.04938272
92.64137931
109.9130435
94.52671756
90.23350254
60.81749049
68.1446384
69.47591522
69.64944649
71.08227848
46.05625
70.67647059
80.10444874
83.49724771
75.08264463
59.2740113
62.7972973
80.1474359
50.72992701
87.92666667
71.125
84.90407674
87.35190616
63.79768786
67.41044776
63.20803783
63.11711712
104.7712418
77.26728111
79.03558719
71.41153082
65.39381443
67.33690987
66.68788501
68.59375
77.4795082
52.22709163
68.39676113
69.55115512
54.96416938
70.46885246
74.74834437
46.38461538
45.2
70.85981308
59.99164345
62.89779006
74.25116279
82.4137931
73.31775701
71.91078838
63.39574468
68.43544858
78.68679245
79.50772201
86.72348485
79.63768116
47.52884615
87.92
70.83064516
65.64811133
73.75056689
63.52941176
57.50166113
77.87741935
65.49009901
50.35545024
66.04477612
64.45348837
47
117.6666667
64.22727273
66.43062201
93.62015504
55
52.29464286
59.84577114
77.56632653
69.15825688
87.50772627
77.00512821
64.09823678
60.54736842
71.57391304
106.1016043
90.95454545
124.212766
102.5
44.64285714
47.67567568
62.90163934
49.56804734
74.3030303
64.00408163
71.66571429
60.09345794
44.67346939
64.2983871
70.41260745
58.88365651
63.58333333
84.0858209
59.6013986
51.13636364
61.99415205
61.70241287
69.07126437
67.12465374
58
41.31034483
51.26315789
52.88333333
92.44025157
74.39277108
75.99502488
48.63076923
72.93814433
52.82936508
79.39655172
96.74375
74.45660377
91.74474474
66.42446043
63.90804598
49.30481283
74.24271845
52.13565891
67.85425101
69.7505423
63.17155756
65.1548913
61.22443182
62.58823529
55.24884793
83.91566265
67.45945946
57.5954416
72.47091413
73.55892857
77.64035088
79.30988593
85.72426471
77.95566502
52.78333333
45.72580645
72.29268293
81.41601563
69.87089202
88.5087108
94.76488095
88.99669967
68.99544419
76.55769231
69.75
73.6927593
67.01871658
89.52941176
69.67590028
66.2475442
72.6899384
67.326
65.58264463
73.32225914
94.44668588
87.42957746
53.92
82.09375
108
34.5
63.59677419
63.44339623
53.19672131
72.77604167
57.81717452
65.5
65.3219697
55.15827338
51.22641509
60.06779661
101.3740458
68.52475248
55.42986425
57.13888889
56.36305732
86.53781513
53.41666667
85.04081633
46.12962963
74.92913386
81.34159292
80.74825175
101.1349481
84.94736842
55.38607595
93.78074866
73.93513514
82.53928571
56.20895522
66.22689076
86.73303167
74.38689218
70.17391304
39.18055556
67.05357143
65.02459016
71.25213675
67.80952381
59.3697479
91.49618321
73.58476658
74.81779661
63.56851312
90.50197628
91.31016043
75.80512821
53.43205575
74.46037736
64.68075117
62.13090909
89.84693878
69.6625
92.60956175
94.06111111
61.76960784
88.25581395
92.75083056
68.04123711
66.65517241
86.66759003
65.86746988
56.18092105
64.77460317
71.75314861
85.28145695
60.93220339
81.31313131
55.86259542
67.10762332
88.0483871
77.9198895
61.87640449
68.13242009
71.65779468
78.58878505
95.33136095
57.61261261
58.07843137
61.25889968
78.96666667
98.92138365
87.6023166
66.58064516
44.22580645
69.46610169
72.02238806
79.8020202
85.92843691
80.71549894
67.51304348
51.19665272
68.89830508
69.04705882
46.90184049
65.85034014
78.21345708
65.92307692
84.06369427
51.80794702
61.17801047
65.33846154
46.44117647
61.18644068
51.53645833
74.68468468
69.62661738
77.25044723
72.38219895
48.11494253
57.75
30.25
56.45
64.47260274
65.10859729
53.21678322
53.97
92.12056738
91.73267327
101.3103448
57.55294118
65.60606061
61.5971831
61.91733333
75.18120805
69.62777778
78.64182195
85.424821
65.44168734
77.69636964
57.23283582
65.11983471
88.40909091
85.51
47.13913043
76.45121951
54.92592593
70.75
90.93127962
84.02209945
67.73302108
84
77.87145558
74.92746114
48.00561798
77.41830065
83.67030568
90.97926267
85.31707317
59.40530303
61.93181818
91.89655172
66.16053512
79.76774194
73.275154
64.85010267
67.94791667
76.4894958
65.57711443
101.0518868
76.86243386
98.68474576
71.18103448
51.97142857
84.93877551
108.0571429
84.91282051
76.42807018
55.15
91.55555556
56.99418605
65.73529412
115.4027778
89.34883721
69.14081146
63.49851632
59.07598784
78.01626016
57.37762238
84.50169492
70.87076271
69.14925373
72.92393321
78.00357143
72.583174
82.41573034
79.15186246
58.76151762
78.28897338
90.75221239
86.53738318
90.52453988
95.43783784
61.78350515
66.84039088
59.73650794
84.45114943
76.62632696
89.51111111
99.56573705
92.87027027
66.23228346
63.76679842
92.9760274
85.94059406
84.71089109
83.32352941
59.81896552
77.07386364
97.61184211
91.58988764
101.8922414
79.48947368
64.53497942
70.78033473
72.17727273
61.24663677
78.48529412
99.6516129
77.82941176
58.39552239
103.5847458
90.48603352
67.12234043
100.7914692
81.45229682
75.89821429
82.28125
90.76699029
57.59183673
113.7083333
94.60714286
100.3773585
96.58565737
87.59269663
73.77458034
90.11421911
86.34134615
106.7923077
107
118.5357143
96.975
75.24299065
70.96551724
102.54
65.42138365
80.35860058
88.04573805
74.66257669
77.9039666
64.10465116
101.5136986
67.25735294
95.48760331
68.17712177
72.42772277
70.93374741
63.50955414
77.19784946
70.42985612
73.54626335
74.47197107
69.46450304
84.27559055
90.76086957
76.15
66.06557377
66.31171548
71.4459725
74.72134039
73.90333919
69.46504559
56.56363636
112.3802817
79.39568345
90.69135802
116.9438202
94.21568627
84.47258486
73.18306011
93.70526316
79.48837209
49.13095238
62.59756098
67.19806763
80.10337972
72.94166667
58.16710183
71.70454545
113.3548387
69.45
51.37864078
78.8592233
82.93202147
78.08828829
75.03436426
74.8034188
75.62946429
91.48081841
88.84090909
59.80985915
77.57142857
73.97714286
56.86227545
80.36666667
72.49250535
64.47578348
89.27350427
81.92477876
74.59717314
74.68717047
77.41787942
89.49488055
97.46153846
87.70338983
97.19163763
71.94007491
70.72696246
95.25443787
77.4604811
65.17932489
65.19642857
61.51102941
56.25547445
53.93333333
99.53636364
85.44723618
99.63636364
67.63247863
58.71014493
108.7157895
78.97701149
75.4
89.56022409
93.1835443
56.86842105
106.8148148
99.71724138
82.35714286
102.7905138
79.86178862
84.57655955
83.75560538
66.21610169
53.86666667
84.58851675
71
140
74
59.70542636
104.4512195
101.9285714
131.4583333
101.5833333
78.53465347
68.16427105
82.48033126
79.61538462
98.28502415
65.31658291
82.62972973
83.28205128
47.125
114.5294118
75.5
41.48275862
74.65753425
83.36050725
72.94291339
69.53846154
99.50746269
88.18627451
73.88378378
60.71300448
72.20276498
52.5620438
69.47297297
94
72.52362205
94.47530864
58.475
104.4255319
55.96052632
80.73684211
91.02277904
86.01049869
92.25120773
85.66666667
109.8518519
97.18644068
107.5700935
73.96899225
71.33270321
80.28108108
106.0609756
97.81871345
87.30523256
79.8459596
93.68872549
78.05
71.67753623
72.86652542
86.43939394
89.4501992
60.85551331
82.76638177
77.03639847
72.7311828
89.53846154
95.89473684
94.35313531
84.88205128
104.6725664
87.505
70.48668281
87.17370892
86.01515152
102.350211
93.25837321
72.33773087
69.24015748
66.76764706
91.55246914
87.09647059
78.06632653
50.60952381
80.42056075
96.01432665
82.43695015
90.77152318
97.44884488
87.05128205
53.37125749
61.14666667
101.8271605
72.85454545
87.48473282
58.95985401
75.55526316
71.93071594
60.53427896
66.82971014
88.36861314
61.73106061
87.1871345
98.39361702
74.95737705
78.60377358
93.1631016
91.62912088
88.88607595
74.49445676
86.52610442
80.80979827
61.33333333
19
107
66.20264317
95.41702128
68.50655022
90.56712329
78.52955083
85.15625
47.48739496
65.88659794
91.57928803
67.4025974
45.05384615
74.28846154
86.98155738
70.66410256
63.22323462
65.004914
78.09821429
53.08715596
61.27878788
59.68253968
81.87179487
108.097561
72.11111111
63.39506173
101.2016807
65.0443038
83.45231608
86.20245399
97.85483871
78.78275862
69.36327345
81.45477387
62.62222222
68.35696203
63.51203501
67.33409091
66.53398058
92.19308357
79.19806763
84.87695749
66.6875
80.81140351
54.44094488
68.51004016
83.89552239
117.25
90.55555556
62.51908397
104.0979021
82.00843882
80.20036765
82.55172414
60.73913043
108.744898
86.304
63.9954955
97.09663866
83.30573248
87.03787879
66.44110276
74.7718894
64.36720554
82.04910714
73.83291771
60.46366782
57.28744939
80.04733728
54.41203704
59.48888889
42.37804878
69.69014085
59.56296296
74.35
72.60530973
75.44479495
55.12297735
65.26380368
94.46586345
90.72916667
61.31840796
94.97395833
89.86153846
53.87978142
76.96703297
71.1770073
78.95384615
108.3209877
79.42708333
59.62128713
77.46410256
71
114.1650485
92.01492537
100.622449
59.57843137
90.5974026
59.82051282
96.52380952
107.7279412
97.46099291
94.79104478
92.39432177
91.6
76.75462963
79.06129597
73.24159664
62.74315068
56.2455516
75.390681
63.31690141
102.4337349
60.45794393
71.14285714
92.85789474
85.64439141
79.14442013
90.97297297
90.3627451
81.19700214
78.41330166
61.6137931
72.22485207
100.2670455
65.29569892
79.3097561
66.60465116
56.76777251
92.03125
107
100.7565789
90.87118644
85.34036145
95.38823529
58.41414141
55.3172043
80.74621212
68.90617284
86.88780488
51.5
16
97.25
60.30769231
70.09737828
90.18133333
89.6996904
94.55240793
80.75797872
75.24460432
60.20289855
67.18009479
94.63366337
87.11796247
86.61298701
93.7277937
72.51694915
109.6071429
88.26724138
97.77813505
87.66548043
69.89322917
87.65538462
63.96296296
90.15772871
81.84322034
56.51973684
51.70666667
78
93.76618705
97.55719557
92.57794677
93.84045584
82.76878613
91.02864583
70.96583851
92.78151261
86.72527473
70.24895397
75.11247444
65.87007874
71.41967871
79
116.9868421
96.85106383
66.99090909
70.29528536
86.23789474
82.03784861
83.27160494
89.46778043
91.67096774
95.72292994
81.45507246
73.38126362
90.47891566
92.94166667
63.92307692
82.90864198
74.98224852
58.06806283
68.90045249
55.01633987
71.19063545
78.63302752
72.31554524
91.60150376
96.58128079
66.81623932
81.5032967
77.7370892
104.173913
125.3181818
107.2142857
90.11409396
91.58466454
94.40271493
65.69907407
63.96728972
75.86376022
60.39482201
59.23715415
82.62264151
61.4851752
76.07612457
93.01337793
96.89302326
97.80701754
59.54411765
92.51243781
92.33333333
116.9506173
96.44
66.8254717
84.54084507
66.43360434
64.58357771
59.41509434
74.40198511
78.51048951
79.63339071
79.84724689
70.63602941
73.70694087
87.76623377
45.2745098
59.66666667
81.57438017
91.75358852
78.40359897
70.9500998
82.7627451
77.36740331
59.29310345
63.0174216
61.87804878
50.61157025
55.31481481
60.23166023
74.95734597
71.38961039
101.2813688
83.56218905
63.49029126
98.40888889
76.02580645
81.73743017
71.83380282
93.5785124
85.06216216
88.30494505
66.57723577
69.97849462
80.13104839
69.66027397
92.86127168
102.0819672
73.72765957
82.44952381
80.07964602
80.6628131
87.6728972
92.57575758
107.1258741
100.6753247
86.50166113
74.77022059
79.59661017
99.29467085
82.38489209
70.21509434
73.3501006
86.89473684
131.5555556
95.65517241
84.69483568
85.54545455
50.56521739
69.18045113
91.04534606
84.12580645
95.83381089
82.92394366
85.19764706
94.52136752
113.7090909
94.19587629
94.95628415
104.316092
96.74033149
76.47315436
93.19543974
95.57482993
92.26618705
94.57961783
90.70858896
72.43095238
72.20769231
83.56390977
107.4555556
63.12727273
103.6638655
67.7804878
48.39344262
68.93491124
80.4702381
83.24952015
71.13043478
83.16009281
87.57611241
70.40425532
119.8717949
70.97222222
82.23541667
73.65298507
79.52867384
73.13146552
88.59914712
77.34754797
75.25846154
96.34770115
83.74651811
81.17179024
81.64705882
131.5
91.68421053
99.82835821
93.23979592
68.26265823
81.45724907
56.54092527
64.81642512
90.58495822
78.78995434
78.53654189
83.22531646
95.03448276
110.9545455
100.4761905
86.45064378
94.19298246
72.92816092
79.98039216
69.7956778
79.59751037
67.95833333
106.0840336
68.26315789
83.46649485
68.18543046
91.65919283
61.51098901
95.72361809
89.01973684
68.41949153
54.34299517
56.68181818
114.4107143
80.6984127
83.4352518
76.02389706
83.38216561
105.447619
66.38888889
82.78281623
72.18055556
60.225
114.8666667
116
51.22727273
69.64912281
105.584507
96.24309392
84.62641509
63.80825243
70.41101695
93.82926829
62.80851064
55.56779661
50.6744186
92.4375
121.1551724
89.46969697
77.59498956
91.40306122
103.754717
81.89162562
67.43243243
65.70634921
86.74210526
85.91340206
83.18596491
100.9160839
84.48113208
64.27863777
59.41580756
86.20805369
101.6498195
86.3986014
105.4571429
88.20454545
78.01607717
98.66216216
73.25
94.87108014
93.64912281
71.93296089
71.61481481
76.64864865
78.23696682
102.9367816
68.69480519
68.7183908
103.2406015
99.62585034
76.02061856
81.80373832
58.70689655
104.46875
83.1686747
97.17857143
103.8851351
74.63942308
88.73430962
78.48430493
70.37222222
69.87907869
76.21818182
38.18
65.52631579
67.76495726
76.2119403
56.95402299
52.43195266
68.35172414
94.60730594
99.61764706
104
100.0833333
80.02272727
83.98614319
65.00753769
79.77101449
61.97007481
67.95145631
79.89403974
89.69767442
107.7848837
92.16580311
85.01153846
101.0725191
79.31967213
91.9078341
82.60846561
54.75732218
82.96195652
89.61640798
82.75899281
98.49090909
54.96551724
101.4444444
67.48447205
94.035
95.30687831
65.3968254
101.7936508
81.19927536
83.33227848
58.15737705
67.51322751
55.29565217
99.68852459
87.88073394
108.372093
74.12230216
78.03278689
80.13345521
84.80737705
87.54193548
72.01015228
63.51781971
68.97169811
63.73375262
71.21802935
72.041841
50.74107143
62.39664804
80.58758315
76.95604396
53.62983425
92.78461538
104.8212291
95.49456522
90.72916667
61.90909091
102.1111111
50.22222222
60.52702703
68.22959184
65.552
73.29862475
75.85664336
73.44503546
77.00793651
86.03682171
82.88235294
88.11382114
48.48333333
82.44444444
128.5909091
76.09090909
59.44819277
77.77692308
87.94736842
45.9382716
78.69620253
89.33548387
51.55405405
80.13333333
103.6758621
68.4375
86.73934837
71.32087912
74.43866944
85.37692308
76.92231076
85.50276243
94.67473118
85.41269841
76.83259912
88.50385604
64.77941176
54.96785714
70.99667774
69.70360825
90.05463183
73.79357798
80.63697105
64.28761062
52.08421053
81.51960784
67.36093418
74.50537634
59.82066869
85.67918089
85.54819277
77.93666027
75.64705882
93.2729805
69.98550725
72.55357143
85.80124224
70.48678414
67.74125874
53.43852459
61.53240741
79.756691
70.4188862
87.82404692
63.4962963
61.35714286
102.2083333
79.79477612
82.93109541
78.88387097
64.92010309
60.29947917
68.875
66.86486486
87.52302632
63.31117825
80.57276995
75.96231884
57.71352785
76.44011976
82.75932836
69.73734177
56.75
75.72477064
103.8016529
78.69607843
54.72486772
55.25
75.64163823
69.66393443
99.88803089
73.62433862
61.22297297
75.00923788
70.82994455
73.47826087
42.31111111
53.41304348
73.94756554
71.55123675
53.71186441
98.02479339
85.46323529
54.87447699
75.3147541
71.47905282
76.50570342
80.51282051
60.65885417
68.77083333
106.6845238
79.99421965
90.78
77.47941176
94.36752137
90.16081871
73.60175055
78.00357143
70.99491094
60.35125448
89.43205575
70.75742574
54.488
95.19101124
57.07142857
116.4545455
78.17857143
68.6802974
97.20655738
76.61774744
89.58047493
66.16151203
62.36486486
92.29113924
108.8309859
67.73076923
89.60588235
80.58314856
78.22099448
47.96710526
83.3364486
88.1212766
77.81497797
104.9208633
104.4684685
98.31410256
71.80717489
63.29794521
58.33333333
115.8
105.7843137
84.04477612
51.5520362
71.66161616
83.84210526
86.60243408
84.41860465
61.13513514
106.0086207
86.14685315
97.75502008
68.82993197
58.1754386
96.75675676
97.97510373
78.55956679
65.99317406
54.18846154
63.07112971
78.53846154
47.31972789
77.91869919
64.95454545
93.83728814
73.93069307
56.45360825
60.57286432
87.2615894
68.20833333
88.57105263
70.48881789
60.06752412
58.72463768
57.77405858
80.8778626
89.44314869
95.15576324
74.83834586
62.7826087
66.4
47.05487805
68.81879195
67.37712895
60.1875
75.35795455
51.97959184
50.24137931
76.84530387
65.45927602
81.35010941
79.60842105
65.64118896
66
39.29411765
93.16666667
89.05294118
58.3968254
77.43728814
62.14349776
70.55555556
114.0909091
72.71604938
89.0812065
73.35240275
84.56
96.67731629
77.27807487
102.8926554
98.94366197
70.69469027
91.21553885
79.15867159
60.51525424
90.85
128.5185185
106.4
46.54761905
75.11764706
51.25
108.4807692
86.64864865
87.03811659
91.36403509
104.3383459
104.7132867
89.23529412
61.44720497
71.94139194
56.4622093
66.94630872
80.39175258
57.196875
77.74626866
101.6013986
107
102.8721805
79.85046729
95.1372549
97.3248731
68.772
74.24578313
87.06291391
60.04225352
110.4666667
88.80487805
81.40518962
83.71666667
79.64088398
96.12820513
88.64628821
100.5244755
86.56157635
98.22330097
84.18481848
72.07924528
72.47686117
83.74840085
87.37288136
92.87878788
85.38617886
102
103.0828402
81.58052434
80.72504378
78.39320388
103.9460784
73.17801047
91.83333333
120.3962264
105.0188679
87.41875
98.73248408
86.21818182
104.1255411
86.55691057
79.88135593
84.28333333
103.024
86.79047619
94.72363636
97.27573529
80.93665158
60.359375
55.76862745
71.47744361
86.23703704
114.25
139.25
101
103.7553191
92.92857143
96.33333333
128.6923077
109.4285714
61.96610169
101.9636364
81.43776824
91.41641337
65.17901235
101.5759162
85.99470899
63.20844327
79.756691
68.94610778
67.37578288
64.934375
91.2826087
119.5135135
93.78378378
94.256
98.58333333
118.2
122
68.28571429
94.35384615
72.30851064
102.7066667
99.375
74.08955224
89.64391691
93.78590786
78.99741602
74.17073171
77.9378882
64.34615385
92.31972789
88.15277778
92.80519481
96.26537217
86.35989011
84.23628692
69.07142857
49.90640394
77.52604167
72.5
97.77419355
110.3769231
88.96226415
88.91111111
104.3408072
86.3358209
102.8477366
84.81578947
91.99713467
93.66220736
69.76666667
116.04
91.23684211
59.08527132
102.14
104.2156863
69.97674419
114.2692308
64.43333333
103.1779141
83.1838565
74.37684211
88.25490196
91.9478673
104.8374384
89.7535545
75.12236287
103.3333333
77.69651741
92.1372549
62.30666667
101.1304348
119.34375
117.8333333
106.1694915
90.70093458
83.40419162
94.17771084
71.08888889
113.0441176
100.7920792
85.12542373
75.76588629
100.1086957
117.8148148
81.98412698
69.15825688
89.04458599
94.10903427
94.08727273
94.27707006
75.81111111
72.25284091
94.03038674
73.19402985
94.77288136
69.35341365
90.60169492
69.44072165
73.22200393
82.75697211
102.7708333
98.88757396
75.46315789
48.93103448
81.97202797
83.44758065
55.53888889
92.275
104.1875
102.378882
87.16
118.2941176
88.75
89.57743363
81.61904762
116.7073171
95.97802198
83.75250836
93.70676692
85.48195876
89.30289532
89.72142857
100.4402985
113.6666667
114.0652174
94.54945055
71.59090909
115.9240506
94.19178082
96.78125
117.2236842
92.85869565
90.48031496
79.14578588
89.25454545
116.6037736
107.673913
74.66666667
124.6153846
100.6382979
89.5
112.41
77.58653846
92.77922078
101.7773109
92.70731707
96.36217949
83.45490196
96.70731707
95.48344371
106.8417266