0.861698
0.861104
0.86103
0.862069
0.861995
0.86103
0.862887
0.864304
0.86423
0.858369
0.859107
0.853752
0.848176
0.845309
0.848896
0.843526
0.839983
0.837591
0.841397
0.839913
0.843313
0.842886
0.841255
0.840407
0.841822
0.837872
0.835352
0.8364
0.83167
0.833403
0.828638
0.829187
0.834028
0.831947
0.832432
0.83717
0.835422
0.834725
0.83696
0.838715
0.840195
0.837521
0.839913
0.84246
0.843811
0.847817
0.847961
0.848176
0.849041
0.851426
0.848896
0.847242
0.844809
0.847961
0.849762
0.849834
0.851064
0.850412
0.85034
0.850196
0.851571
0.854336
0.855066
0.857486
0.856678
0.855725
0.858001
0.860807
0.860956
0.858222
0.859771
0.858369
0.856898
0.855945
0.860363
0.860659
0.859993
0.861326
0.862589
0.861475
0.86192
0.85955
0.858074
0.858516
0.856678
0.856898
0.859623
0.860215
0.859476
0.857486
0.858148
0.848536
0.849618
0.84674
0.850557
0.851934
0.84868
0.847817
0.838786
0.84488
0.843526
0.844523
0.846167
0.848896
0.851426
0.852806
0.849907
0.850557
0.85266
0.855945
0.851064
0.853898
0.853606
0.853097
0.854336
0.853242
0.852733
0.851716
0.852951
0.851136
0.845881
0.847889
0.85237
0.854336
0.854847
0.857265
0.860659
0.860215
0.859697
0.859697
0.862664
0.864155
0.862292
0.862589
0.863632
0.862887
0.864828
0.867303
0.866701
0.86408
0.864304
0.865052
0.868056
0.868282
0.867905
0.86783
0.867303
0.866927
0.86783
0.868432
0.870701
0.869338
0.870322
0.87184
0.87146
0.87184
0.873057
0.874508
0.870928
0.873744
0.874279
0.877578
0.879894
0.883704
0.88199
0.879353
0.875503
0.878889
0.872981
0.866176
0.860956
0.867378
0.863632
0.859476
0.854336
0.859845
0.859993
0.858811
0.85859
0.862515
0.863931
0.863931
0.866101
0.867152
0.869338
0.869943
0.867002
0.865576
0.864678
0.867378
0.867303
0.868282
0.870398
0.866176
0.86881
0.869565
0.868508
0.871688
0.86783
0.865426
0.85859
0.851209
0.856898
0.852297
0.853971
0.855578
0.856164
0.858001
0.858959
0.856898
0.856311
0.858222
0.858001
0.863036
0.861252
0.859993
0.855432
0.854701
0.85778
0.858738
0.860511
0.859771
0.862069
0.862664
0.862589
0.862069
0.859476
0.858222
0.858516
0.85778
0.858001
0.859254
0.859845
0.860363
0.862813
0.864304
0.862887
0.86192
0.862069
0.862143
0.863931
0.864603
0.862589
0.862813
0.862069
0.861772
0.862069
0.861178
0.861178
0.861698
0.864006
0.867303
0.868583
0.867077
0.868432
0.865127
0.867604
0.867303
0.870701
0.870701
0.870625
0.865501
0.862962
0.860956
0.862962
0.862887
0.858738
0.860511
0.862292
0.861698
0.859919
0.861475
0.863409
0.862441
0.863558
0.862292
0.863185
0.864454
0.867002
0.867077
0.866551
0.866176
0.866551
0.867002
0.868432
0.868056
0.86798
0.868357
0.868206
0.869641
0.867227
0.865276
0.865876
0.865276
0.865726
0.866401
0.866701
0.865576
0.867077
0.865202
0.86326
0.865052
0.863856
0.861698
0.862218
0.861475
0.862962
0.862441
0.863185
0.865052
0.865276
0.865276
0.866701
0.866551
0.867528
0.867905
0.869717
0.868961
0.869717
0.870474
0.868885
0.867679
0.865801
0.862441
0.864828
0.865801
0.867303
0.868131
0.867002
0.868056
0.869792
0.868432
0.868432
0.868961
0.868056
0.867303
0.868508
0.869338
0.868734
0.86949
0.870322
0.869036
0.869868
0.870474
0.870171
0.868885
0.869943
0.872296
0.871688
0.871992
0.873134
0.873286
0.873744
0.872981
0.87222
0.87146
0.871536
0.87321
0.873744
0.873744
0.874891
0.875274
0.87535
0.87581
0.87512
0.874891
0.875734
0.87581
0.875197
0.87535
0.874891
0.874661
0.875044
0.874279
0.873744
0.87146
0.87108
0.870095
0.870852
0.87222
0.872372
0.871536
0.866176
0.862069
0.864528
0.864454
0.867679
0.869717
0.870246
0.868583
0.868131
0.869338
0.86881
0.869717
0.870549
0.87146
0.872068
0.871992
0.871916
0.8726
0.87382
0.874585
0.873897
0.873897
0.87558
0.874279
0.874508
0.874126
0.873744
0.875887
0.876578
0.876732
0.875503
0.876655
0.875887
0.876424
0.877578
0.877886
0.876732
0.878889
0.87943
0.880204
0.879894
0.879894
0.880669
0.881446
0.881834
0.881446
0.880902
0.881601
0.883783
0.884173
0.883939
0.88347
0.885347
0.886132
0.88574
0.884564
0.885426
0.885112
0.884408
0.886525
0.887311
0.887548
0.886918
0.888573
0.888415
0.890313
0.890631
0.890472
0.892061
0.89222
0.888099
0.883314
0.884408
0.886525
0.885975
0.880359
0.880437
0.878889
0.877501
0.880282
0.879507
0.881057
0.882223
0.881679
0.880747
0.879507
0.879662
0.880204
0.879972
0.876655
0.87558
0.87535
0.874355
0.872981
0.871992
0.86408
0.865801
0.861995
0.861401
0.861104
0.861846
0.86326
0.865202
0.868432
0.871612
0.874661
0.875657
0.875044
0.870322
0.866326
0.870322
0.870474
0.864828
0.867077
0.867152
0.866701
0.865876
0.863334
0.856531
0.852442
0.851571
0.853024
0.848896
0.850919
0.852442
0.846883
0.847961
0.848176
0.84832
0.849834
0.845666
0.845881
0.843739
0.84246
0.840689
0.841822
0.843882
0.844452
0.842247
0.843241
0.846883
0.847817
0.846024
0.844096
0.839842
0.838715
0.839983
0.841397
0.838364
0.83654
0.83731
0.83696
0.834028
0.833194
0.835422
0.838012
0.835561
0.834376
0.838223
0.838926
0.840972
0.840477
0.841184
0.839842
0.840195
0.839278
0.838223
0.840831
0.841893
0.841751
0.840831
0.841468
0.842673
0.842957
0.846167
0.847529
0.845809
0.846024
0.847458
0.842957
0.843313
0.843455
0.837521
0.83654
0.837451
0.83612
0.839983
0.839278
0.835631
0.834168
0.833333
0.828981
0.83022
0.829738
0.831601
0.831393
0.834864
0.83619
0.83612
0.83612
0.83647
0.832016
0.831947
0.830565
0.830013
0.830013
0.83091
0.833125
0.835073
0.838504
0.837521
0.837872
0.83682
0.838012
0.839208
0.838574
0.83612
0.835911
0.835073
0.834655
0.83696
0.835422
0.835631
0.83731
0.838223
0.837872
0.835282
0.83257
0.831601
0.831601
0.833472
0.835771
0.839278
0.837521
0.838786
0.838364
0.837802
0.838364
0.839701
0.840336
0.840831
0.838364
0.839983
0.841397
0.839278
0.841043
0.841468
0.842105
0.845237
0.844238
0.844452
0.843597
0.845309
0.842815
0.843241
0.83949
0.838997
0.838012
0.835213
0.834864
0.838434
0.838715
0.840054
0.840407
0.839701
0.83682
0.835771
0.83668
0.83731
0.835422
0.834376
0.834028
0.830358
0.822368
0.819672
0.818465
0.825219
0.820345
0.818331
0.821288
0.82203
0.812216
0.804894
0.805477
0.806712
0.802246
0.797448
0.801282
0.804117
0.796813
0.801989
0.800833
0.802182
0.79968
0.80289
0.800961
0.80032
0.801667
0.802118
0.807754
0.807754
0.804829
0.801989
0.80032
0.805477
0.805283
0.802568
0.801282
0.790952
0.791452
0.791139
0.787402
0.784314
0.784006
0.785546
0.782167
0.777907
0.777545
0.777786
0.780336
0.783085
0.78235
0.783699
0.784375
0.785238
0.783392
0.78456
0.782963
0.784437
0.783945
0.792833
0.793336
0.792581
0.789889
0.788208
0.786535
0.78235
0.783208
0.78235
0.781372
0.779727
0.784006
0.782289
0.782167
0.783147
0.780945
0.776699
0.77991
0.781922
0.786658
0.78734
0.786844
0.787402
0.791139
0.791954
0.792958
0.791077
0.788519
0.789952
0.795988
0.796559
0.795925
0.792581
0.793651
0.795545
0.792456
0.797766
0.800128
0.800128
0.801282
0.801989
0.804635
0.801603
0.804182
0.802439
0.802697
0.803471
0.804182
0.802246
0.79968
0.79885
0.801796
0.80289
0.803019
0.801089
0.803471
0.803859
0.803277
0.802053
0.799105
0.795355
0.794597
0.793336
0.794913
0.79384
0.79321
0.792833
0.791515
0.793021
0.794281
0.796052
0.795735
0.792707
0.794597
0.785731
0.788333
0.784375
0.784498
0.785731
0.784745
0.783883
0.785546
0.788955
0.788457
0.789578
0.792267
0.793273
0.790826
0.786968
0.786535
0.78456
0.782779
0.782167
0.779423
0.780884
0.7818
0.78125
0.780336
0.781494
0.781006
0.783024
0.784375
0.780823
0.779727
0.779423
0.779059
0.780336
0.779849
0.776036
0.775976
0.777786
0.778392
0.781006
0.783392
0.781861
0.782289
0.77918
0.780092
0.781372
0.782228
0.782228
0.782963
0.781555
0.781311
0.780396
0.778816
0.779059
0.776699
0.778574
0.77682
0.774593
0.776458
0.775494
0.774713
0.774353
0.774114
0.768758
0.763417
0.760456
0.760341
0.760861
0.757576
0.758438
0.757576
0.757576
0.75792
0.760746
0.759878
0.756544
0.757346
0.757117
0.756029
0.75358
0.752785
0.755116
0.75815
0.759705
0.760746
0.759763
0.756544
0.761615
0.76063
0.761035
0.75643
0.755744
0.75815
0.756144
0.757863
0.755116
0.755458
0.752502
0.748503
0.746826
0.746826
0.747049
0.748783
0.750188
0.75092
0.751202
0.752276
0.75375
0.75092
0.753296
0.754546
0.75643
0.759301
0.766284
0.76365
0.757174
0.758495
0.756029
0.75643
0.759878
0.765814
0.763825
0.766401
0.773096
0.771426
0.764935
0.764176
0.761325
0.757174
0.75815
0.759705
0.756029
0.753125
0.75188
0.75358
0.752276
0.752559
0.74912
0.747831
0.750019
0.751371
0.752445
0.75375
0.756029
0.755858
0.754831
0.752276
0.752332
0.749625
0.750075
0.75092
0.746993
0.743882
0.743937
0.749344
0.753863
0.753863
0.753012
0.752445
0.749906
0.752445
0.754432
0.760167
0.759129
0.758725
0.756716
0.755572
0.758668
0.756487
0.757117
0.75706
0.757289
0.760052
0.762777
0.763184
0.762486
0.762777
0.762369
0.761441
0.762486
0.755287
0.75358
0.751428
0.753182
0.753125
0.749457
0.745268
0.74499
0.74366
0.745379
0.744602
0.738771
0.738225
0.740302
0.745935
0.746993
0.744879
0.746269
0.742115
0.739864
0.739536
0.74085
0.73888
0.737409
0.736648
0.736974
0.736757
0.739536
0.73654
0.734376
0.735294
0.733138
0.734053
0.732279
0.730194
0.73303
0.731797
0.733138
0.728544
0.727114
0.727379
0.725953
0.724953
0.722648
0.722491
0.722543
0.721241
0.723746
0.720461
0.7249
0.726586
0.724795
0.72197
0.720098
0.721241
0.721605
0.724008
0.725426
0.723851
0.728173
0.727114
0.724375
0.723694
0.723066
0.722543
0.721345
0.722178
0.722752
0.724795
0.725479
0.725637
0.724218
0.725426
0.726956
0.725163
0.725795
0.727908
0.726322
0.725163
0.725374
0.723327
0.721241
0.721293
0.722282
0.721501
0.721761
0.723014
0.727537
0.729395
0.726956
0.727802
0.727537
0.724008
0.721501
0.720357
0.717978
0.718133
0.71736
0.724375
0.722022
0.721865
0.719528
0.720721
0.721293
0.722543
0.723327
0.723484
0.719891
0.722074
0.720202
0.719269
0.718907
0.7227
0.723903
0.723589
0.725163
0.725689
0.724638
0.723851
0.725426
0.725689
0.725321
0.72427
0.724795
0.724218
0.722804
0.720202
0.719632
0.720305
0.721033
0.720357
0.724638
0.727431
0.727114
0.725689
0.723641
0.724533
0.724848
0.726322
0.725058
0.726903
0.727008
0.725953
0.727484
0.728332
0.729927
0.7303
0.731368
0.729288
0.730887
0.731797
0.730994
0.730727
0.729395
0.731315
0.731957
0.738716
0.739864
0.738552
0.739919
0.739809
0.743882
0.744602
0.744435
0.743052
0.742225
0.74195
0.745712
0.744879
0.745712
0.743108
0.743494
0.74228
0.742005
0.741565
0.744158
0.742005
0.7414
0.738552
0.737191
0.738007
0.738116
0.738007
0.738389
0.739372
0.741015
0.742115
0.74129
0.740631
0.739262
0.73828
0.737735
0.736757
0.736594
0.737681
0.736648
0.738825
0.735943
0.736485
0.733568
0.732601
0.732386
0.731261
0.731582
0.726639
0.728067
0.726691
0.725426
0.725847
0.727167
0.727061
0.728863
0.728226
0.728226
0.72469
0.722804
0.722126
0.721501
0.720877
0.720721
0.720721
0.720202
0.717309
0.717051
0.717103
0.715052
0.714745
0.714031
0.712504
0.710328
0.712758
0.712504
0.712758
0.714031
0.713878
0.711238
0.708065
0.707214
0.705965
0.708617
0.703482
0.703383
0.703235
0.702346
0.704473
0.706814
0.706764
0.706814
0.706614
0.704573
0.709622
0.708767
0.710985
0.712809
0.715052
0.716589
0.716846
0.714898
0.713267
0.71286
0.714541
0.711896
0.70922
0.711491
0.714541
0.71495
0.717206
0.71736
0.716076
0.717515
0.716076
0.712251
0.713521
0.705268
0.703482
0.709824
0.707614
0.709673
0.708165
0.705716
0.706314
0.707114
0.705318
0.709975
0.713267
0.712962
0.710985
0.713521
0.713521
0.712606
0.712403
0.71495
0.714643
0.714796
0.717206
0.718236
0.714388
0.718494
0.722491
0.724848
0.725847
0.727961
0.73046
0.731904
0.730087
0.729341
0.729501
0.730834
0.732332
0.732601
0.733676
0.733514
0.735456
0.737735
0.736594
0.732869
0.732869
0.738552
0.736323
0.736485
0.737028
0.739645
0.738825
0.735727
0.737354
0.736811
0.73692
0.73692
0.732601
0.732601
0.73244
0.730194
0.728332
0.729554
0.730034
0.728332
0.726903
0.726111
0.724113
0.724375
0.727908
0.726269
0.724743
0.722387
0.723851
0.726216
0.723327
0.723956
0.724743
0.726744
0.726586
0.727643
0.728598
0.726744
0.727008
0.72648
0.727908
0.728704
0.729767
0.7303
0.733138
0.739754
0.738498
0.737735
0.735727
0.735673
0.737409
0.735024
0.735186
0.733407
0.735402
0.735835
0.737572
0.736377
0.734862
0.732923
0.730194
0.731689
0.73692
0.735889
0.737354
0.736703
0.737191
0.735024
0.736377
0.735835
0.733568
0.734916
0.735835
0.735835
0.735673
0.735727
0.736485
0.736106
0.737191
0.742887
0.74599
0.746547
0.747775
0.744491
0.744325
0.744602
0.746659
0.746826
0.743716
0.744435
0.743218
0.73828
0.7303
0.732064
0.733407
0.735943
0.734754
0.736648
0.739372
0.742721
0.742942
0.741015
0.740192
0.743771
0.746603
0.752729
0.751202
0.748783
0.750863
0.748615
0.747664
0.746938
0.747719
0.747664
0.746993
0.74677
0.747943
0.740741
0.730727
0.729661
0.731797
0.732064
0.729714
0.734214
0.746213
0.74195
0.744713
0.742005
0.739919
0.735835
0.736648
0.737463
0.739481
0.740192
0.738716
0.737626
0.737463
0.73959
0.739919
0.739098
0.739098
0.738443
0.739481
0.737191
0.736106
0.735998
0.732064
0.731957
0.731422
0.732172
0.730727
0.726956
0.724533
0.726006
0.726533
0.727537
0.727537
0.726691
0.726216
0.731261
0.734214
0.733299
0.734592
0.73524
0.735024
0.732332
0.73654
0.739098
0.738498
0.736757
0.734808
0.73443
0.732654
0.732869
0.733945
0.731689
0.73046
0.733138
0.732493
0.73046
0.729395
0.729661
0.726322
0.723484
0.723851
0.725953
0.727643
0.727908
0.727326
0.725689
0.728067
0.731689
0.730087
0.728598
0.728438
0.728757
0.725216
0.725058
0.723589
0.723851
0.725268
0.726903
0.726111
0.727167
0.727537
0.727537
0.728438
0.729395
0.729076
0.72881
0.729022
0.729501
0.731636
0.731529
0.731048
0.730994
0.731101
0.733138
0.73551
0.735781
0.735348
0.734592
0.734107
0.733837
0.733353
0.733407
0.733407
0.733407
0.738116
0.737518
0.73692
0.736431
0.736974
0.736269
0.735943
0.736757
0.737137
0.737191
0.7373
0.736648
0.737191
0.734484
0.734268
0.733999
0.734053
0.734214
0.732869
0.733676
0.733783
0.734484
0.733891
0.733945
0.733622
0.732172
0.731797
0.730887
0.730994
0.731743
0.730674
0.730353
0.730727
0.730994
0.729927
0.727961
0.728598
0.728544
0.727114
0.727484
0.72648
0.728969
0.730727
0.729714
0.730353
0.730407
0.732064
0.732816
0.731582
0.733138
0.732279
0.731636
0.73046
0.731797
0.73185
0.73046
0.730887
0.731208
0.732332
0.734322
0.735294
0.734592
0.733783
0.732225
0.733407
0.733299
0.734754
0.730834
0.729341
0.730194
0.73046
0.729714
0.730194
0.730194
0.729022
0.728544
0.731101
0.731315
0.731208
0.729129
0.728863
0.728544
0.727484
0.728651
0.727961
0.727431
0.729129
0.727008
0.726903
0.727537
0.728757
0.728704
0.728704
0.729129
0.727379
0.727537
0.725953
0.727749
0.728067
0.728067
0.727802
0.728969
0.729927
0.729448
0.731208
0.731797
0.731743
0.730727
0.730034
0.72998
0.729767
0.727961
0.728332
0.729395
0.728969
0.729395
0.729767
0.729661
0.729341
0.729076
0.729235
0.730994
0.731797
0.731048
0.731529
0.731101
0.733568
0.734214
0.733999
0.734214
0.734808
0.737844
0.738661
0.738062
0.738116
0.739864
0.739317
0.738607
0.737735
0.739536
0.741125
0.742115
0.743605
0.744103
0.743108
0.743771
0.743605
0.743273
0.745323
0.745768
0.749176
0.748559
0.750188
0.751315
0.750638
0.750751
0.748951
0.749794
0.749457
0.748055
0.745212
0.744823
0.745156
0.746659
0.746659
0.745545
0.74499
0.742611
0.741345
0.739919
0.74151
0.739372
0.736106
0.735564
0.737735
0.736974
0.733945
0.736974
0.733945
0.731957
0.731797
0.731475
0.730727
0.731261
0.731261
0.732225
0.733299
0.730087
0.730834
0.730087
0.728014
0.727696
0.730674
0.73692
0.738934
0.739536
0.74184
0.74129
0.740466
0.745101
0.746714
0.746324
0.747105
0.748671
0.745323
0.74151
0.743882
0.745879
0.743218
0.74173
0.74217
0.74438
0.744546
0.744602
0.74162
0.741125
0.739754
0.737572
0.737626
0.739044
0.740631
0.736648
0.735835
0.735456
0.733945
0.734053
0.734646
0.732064
0.731475
0.731529
0.731261
0.729927
0.730834
0.732654
0.730994
0.729395
0.731689
0.733138
0.733514
0.733353
0.730247
0.727484
0.725163
0.7249
0.724533
0.725689
0.725742
0.727484
0.726216
0.724113
0.722804
0.721241
0.720617
0.720098
0.718236
0.719735
0.720461
0.720357
0.718597
0.715512
0.715052
0.715973
0.71541
0.715564
0.714592
0.71541
0.716486
0.717257
0.717978
0.716025
0.714541
0.715359
0.715768
0.719683
0.722909
0.723956
0.725637
0.723746
0.722804
0.718907
0.719424
0.721397
0.721709
0.725111
0.729661
0.728863
0.727273
0.731689
0.729022
0.72722
0.723432
0.722387
0.723746
0.724743
0.725637
0.727802
0.726744
0.726533
0.722543
0.721241
0.721397
0.720981
0.723327
0.724428
0.722282
0.721501
0.720825
0.720357
0.718133
0.719683
0.718597
0.716949
0.723746
0.723851
0.724113
0.72448
0.726216
0.728014
0.726639
0.727537
0.728332
0.728014
0.729661
0.73046
0.729501
0.728014
0.725637
0.727484
0.727484
0.723694
0.724008
0.722961
0.722126
0.721241
0.721761
0.723956
0.723589
0.719891
0.724743
0.723851
0.720929
0.720721
0.717978
0.71772
0.717772
0.718081
0.719062
0.719269
0.720098
0.716794
0.717412
0.716589
0.716949
0.718546
0.716794
0.718546
0.720565
0.719942
0.722282
0.7227
0.721605
0.72338
0.722282
0.721917
0.718391
0.717618
0.718288
0.718701
0.720046
0.718856
0.719321
0.719942
0.719269
0.720721
0.722439
0.722596
0.722126
0.72338
0.725111
0.727431
0.729235
0.728969
0.728332
0.728491
0.727431
0.7249
0.723275
0.721241
0.720981
0.721501
0.722022
0.719942
0.718649
0.719683
0.718391
0.715256
0.709723
0.713521
0.71048
0.70927
0.710985
0.712301
0.714031
0.713012
0.709471
0.710682
0.709723
0.710126
0.707864
0.706764
0.706964
0.706464
0.70373
0.705716
0.70373
0.705219
0.702001
0.702001
0.702001
0.703334
0.705219
0.702889
0.702741
0.703087
0.703037
0.702149
0.702198
0.703829
0.703631
0.702395
0.70279
0.702001
0.697934
0.697107
0.696185
0.696621
0.696573
0.694541
0.696136
0.699888
0.701508
0.701066
0.698812
0.699447
0.69847
0.701508
0.697107
0.696282
0.696961
0.695943
0.696088
0.694927
0.692665
0.689275
0.687002
0.68975
0.687521
0.686436
0.6832
0.686719
0.688279
0.689085
0.691037
0.695024
0.700035
0.69667
0.699545
0.696233
0.695265
0.692953
0.694203
0.696621
0.702494
0.703977
0.701951
0.703334
0.702642
0.703977
0.702445
0.701754
0.704871
0.703136
0.70497
0.70497
0.707064
0.707214
0.71048
0.708567
0.70922
0.707314
0.705965
0.704771
0.705219
0.705119
0.703235
0.704325
0.709069
0.708215
0.706864
0.702988
0.705219
0.705467
0.704473
0.70373
0.70497
0.703087
0.701951
0.701705
0.700967
0.698324
0.697107
0.694686
0.695943
0.699545
0.70028
0.698812
0.697983
0.697107
0.696379
0.695169
0.694927
0.695604
0.699203
0.69735
0.696864
0.694927
0.694879
0.694444
0.69604
0.697593
0.698178
0.692137
0.690608
0.689275
0.689798
0.68956
0.68975
0.690846
0.689845
0.687332
0.686436
0.687002
0.686295
0.686436
0.687616
0.688231
0.686907
0.685589
0.685307
0.684838
0.68171
0.680226
0.680967
0.678426
0.679902
0.683293
0.680735
0.680504
0.679671
0.680365
0.680272
0.681756
0.680596
0.679302
0.679486
0.682221
0.680921
0.681431
0.678887
0.678794
0.678196
0.67714
0.675676
0.676315
0.676133
0.673401
0.671592
0.671817
0.672043
0.670107
0.668583
0.668762
0.667601
0.664894
0.665646
0.664938
0.66291
0.661726
0.659848
0.660502
0.659848
0.654365
0.657073
0.658892
0.657333
0.659979
0.659196
0.658501
0.656039
0.654236
0.652103
0.653381
0.648508
0.645453
0.64487
0.639795
0.634115
0.637267
0.635122
0.643708
0.649984
0.649562
0.655093
0.655179
0.657462
0.660284
0.659457
0.665779
0.664982
0.655523
0.653808
0.655008
0.653808
0.65445
0.661376
0.661026
0.661989
0.666134
0.655222
0.650872
0.644953
0.642261
0.64433
0.654108
0.647878
0.646831
0.645786
0.646621
0.646705
0.648088
0.645578
0.649773
0.643087
0.647962
0.647459
0.647249
0.649562
0.648508
0.645286
0.648004
0.652529
0.656168
0.655867
0.658979
0.652955
0.651466
0.646831
0.645453
0.644122
0.643087
0.645703
0.642797
0.645161
0.647165
0.646329
0.645745
0.647668
0.650787
0.656383
0.652316
0.650703
0.651975
0.651466
0.650449
0.647794
0.647878
0.648761
0.648424
0.64914
0.648508
0.649773
0.648424
0.647333
0.645411
0.643915
0.644496
0.644538
0.644122
0.64433
0.645494
0.650407
0.654721
0.658267
0.661988
0.661662
0.661051
0.664165
0.662867
0.654042
0.654219
0.653952
0.653851
0.653223
0.657098
0.661182
0.658585
0.66035
0.658226
0.657526
0.655308
0.662996
0.663419
0.660914
0.660962
0.670105
0.672604
0.672089
0.669502
0.669501
0.671592
0.669995
0.669032
0.667156
0.666978
0.672159
0.671006
0.66856
0.668649
0.667423
0.664542
0.663527
0.656708
0.657566
0.654944
0.6555
0.659283
0.659914
0.659239
0.655883
0.657077
0.656188
0.654664
0.654171
0.657225
0.658354
0.659869
0.663769
0.663679
0.665071
0.662098
0.660566
0.661047
0.661025
0.662868
0.665912
0.666778
0.665625
0.666134
0.667356
0.665779
0.669254
0.671297
0.669904
0.670849
0.673354
0.674289
0.671366
0.67195
0.674971
0.676849
0.676538
0.675977
0.677277
0.681871
0.686197
0.689624
0.68793
0.686333
0.686676
0.685867
0.685484
0.687934
0.684625
0.68539
0.683495
0.684859
0.684971
0.68197
0.681995
0.684687
0.685299
0.679299
0.678395
0.679212
0.677251
0.674014
0.675765
0.677347
0.679935
0.679294
0.679889
0.679256
0.684632
0.685224
0.685299
0.683237
0.685473
0.684394
0.682762
0.679389
0.680749
0.678613
0.680016
0.68357
0.681027
0.677645
0.679076
0.68269
0.681933
0.681515
0.680749
0.680479
0.679112
0.67488
0.674334
0.675762
0.674784
0.674245
0.670555
0.670042
0.666223
0.66589
0.663549
0.662472
0.661116
0.662277
0.663064
0.664144
0.668786
0.671165
0.669254
0.664916
0.664959
0.666667
0.671296
0.673672
0.676457
0.67488
0.675999
0.674309
0.669568
0.668831
0.668673
0.66845
0.66836
0.665646
0.670107
0.670396
0.669007
0.673353
0.669321
0.670379
0.669814
0.672045
0.675741
0.678262
0.68034
0.678972
0.677511
0.677575
0.678494
0.676133
0.679188
0.680834
0.678235
0.678678
0.679263
0.682442
0.683132
0.680272
0.678802
0.680365
0.680716
0.680367
0.679739
0.678157
0.677695
0.674926
0.674405
0.673714
0.669075
0.671251
0.671521
0.673177
0.676985
0.678402
0.680011
0.679448
0.678916
0.679101
0.681537
0.680466
0.680398
0.682572
0.684053
0.680967
0.678382
0.679489
0.683725
0.683072
0.680278
0.681546
0.683539
0.683649
0.683883
0.682529
0.680806
0.680831
0.68063
0.677787
0.678911
0.678198
0.676195
0.675817
0.678334
0.677741
0.676469
0.678155
0.676317
0.675791
0.674831
0.674218
0.676429
0.676841
0.675542
0.676721
0.677413
0.678724
0.681515
0.689322
0.688025
0.693342
0.68843
0.689106
0.686775
0.684863
0.686693
0.686475
0.686946
0.689527
0.689506
0.689413
0.689815
0.688494
0.690746
0.694964
0.694167
0.694649
0.695507
0.696814
0.69012
0.688947
0.691001
0.692654
0.694304
0.691186
0.691802
0.69133
0.692606
0.689655
0.689292
0.687543
0.685983
0.68924
0.688266
0.68893
0.687677
0.685062
0.683352
0.68316
0.688343
0.689042
0.688167
0.688679
0.69012
0.688459
0.688805
0.688262
0.687118
0.687032
0.686758
0.686051
0.684877
0.682985
0.678032
0.678032
0.680896
0.68154
0.680915
0.680267
0.681657
0.686214
0.687015
0.687603
0.685589
0.687251
0.689396
0.689781
0.6868
0.689076
0.68711
0.686342
0.682432
0.682432
0.683995
0.680566
0.675497
0.672992
0.676546
0.678402
0.678293
0.67887
0.677944
0.680902
0.67719
0.67764
0.674427
0.676658
0.672835
0.670307
0.668852
0.670892
0.670827
0.671275
0.672743
0.672743
0.672858
0.672565
0.672136
0.667
0.667111
0.668874
0.667713
0.663702
0.661636
0.664983
0.666933
0.666733
0.665381
0.668896
0.670896
0.677557
0.677616
0.677938
0.675793
0.677848
0.67895
0.67847
0.681137
0.680063
0.678996
0.681379
0.681663
0.679421
0.678264
0.677984
0.671932
0.674289
0.673085
0.675542
0.674447
0.675198
0.674767
0.672448
0.673401
0.67367
0.674904
0.676998
0.676087
0.674403
0.675583
0.674013
0.67542
0.67824
0.677942
0.679908
0.681601
0.682432
0.681106
0.682196
0.678702
0.676158
0.672697
0.674601
0.676359
0.673336
0.669703
0.67279
0.672587
0.674287
0.674444
0.674444
0.673761
0.675152
0.677623
0.678428
0.678266
0.677325
0.674513
0.673491
0.673739
0.674013
0.67472
0.674397
0.678034
0.679859
0.679506
0.678654
0.676158
0.674014
0.677964
0.676343
0.675902
0.677
0.671254
0.672136
0.673313
0.672583
0.674104
0.674174
0.671932
0.671999
0.672249
0.672153
0.666644
0.665049
0.664519
0.663018
0.666289
0.66749
0.668986
0.664938
0.665734
0.666089
0.664076
0.658325
0.661987
0.657896
0.658282
0.661877
0.662712
0.660896
0.662408
0.659285
0.6607
0.657137
0.653553
0.652845
0.65666
0.652824
0.653228
0.652611
0.653123
0.651827
0.648274
0.647387
0.647474
0.647688
0.646304
0.643908
0.643331
0.641203
0.641816
0.645301
0.645845
0.646642
0.649685
0.652485
0.649307
0.646928
0.651886
0.647122
0.647768
0.648524
0.654749
0.653377
0.658195
0.656254
0.65453
0.658022
0.658478
0.657807
0.655303
0.656188
0.657028
0.657591
0.659261
0.662031
0.661747
0.661002
0.6666
0.667468
0.668159
0.670129
0.66807
0.665026
0.667245
0.66883
0.668919
0.666311
0.66921
0.665358
0.665003
0.663944
0.661901
0.661659
0.661417
0.664539
0.662383
0.659801
0.664473
0.664209
0.665668
0.665402
0.667022
0.669525
0.667691
0.663062
0.662054
0.661439
0.662339
0.661222
0.657093
0.65718
0.654772
0.651781
0.64954
0.650907
0.649217
0.650783
0.650213
0.651292
0.654255
0.654554
0.650146
0.646344
0.647728
0.648086
0.64874
0.644924
0.647011
0.646236
0.644079
0.647623
0.642357
0.638544
0.638035
0.639711
0.63823
0.634756
0.637846
0.639642
0.641013
0.635826
0.635232
0.634437
0.633673
0.632635
0.634287
0.634854
0.6363
0.639481
0.639683
0.642579
0.641818
0.640039
0.639969
0.640943
0.638352
0.638932
0.645467
0.645661
0.645761
0.64689
0.64593
0.64834
0.648212
0.651316
0.652654
0.652868
0.652096
0.651249
0.64844
0.648023
0.648907
0.647785
0.644652
0.644015
0.646636
0.649706
0.651102
0.651143
0.650571
0.648986
0.644681
0.6463
0.6472
0.647659
0.651102
0.647916
0.650251
0.650592
0.651079
0.653057
0.656447
0.657114
0.65798
0.658021
0.656206
0.658867
0.65798
0.657806
0.651759
0.651565
0.652273
0.656446
0.656206
0.657631
0.65889
0.658888
0.657009
0.660085
0.660391
0.662011
0.662011
0.661091
0.656616
0.657264
0.658132
0.655156
0.652438
0.651587
0.650485
0.650216
0.650442
0.648863
0.647198
0.649223
0.649787
0.652036
0.652353
0.654192
0.652123
0.650695
0.651719
0.652996
0.65565
0.651098
0.651992
0.649794
0.64949
0.650044
0.650865
0.654664
0.650146
0.648445
0.647417
0.646033
0.648249
0.649328
0.649556
0.64924
0.649279
0.646842
0.647375
0.64491
0.644739
0.641077
0.642167
0.641945
0.638727
0.639836
0.639987
0.639276
0.639046
0.636975
0.635867
0.637012
0.636514
0.636326
0.636549
0.636448
0.635962
0.633076
0.633226
0.63539
0.637889
0.637511
0.637584
0.639885
0.640133
0.638628
0.637831
0.638972
0.640164
0.64197
0.639159
0.636587
0.633684
0.634747
0.63367
0.636132
0.635214
0.635419
0.634357
0.635033
0.63367
0.62999
0.628279
0.627707
0.627963
0.625391
0.625469
0.623908
0.62751
0.627943
0.629961
0.629109
0.630517
0.627235
0.624493
0.624922
0.625489
0.624805
0.627235
0.630955
0.632391
0.635789
0.634035
0.636436
0.635586
0.635647
0.63478
0.633633
0.633754
0.638447
0.637714
0.641355
0.638978
0.635243
0.63484
0.633312
0.630736
0.62692
0.624493
0.6259
0.627727
0.628082
0.626253
0.626253
0.626782
0.6259
0.626645
0.625782
0.626017
0.624512
0.627156
0.629089
0.626331
0.62054
0.618582
0.620155
0.621697
0.624376
0.623519
0.621987
0.623986
0.62822
0.629901
0.627805
0.628852
0.626233
0.625743
0.622801
0.625684
0.625919
0.628792
0.628299
0.628871
0.628042
0.629188
0.6282
0.628852
0.629406
0.628694
0.62639
0.624688
0.621678
0.621581
0.62422
0.627825
0.628694
0.629842
0.632111
0.631672
0.63012
0.631592
0.630279
0.627077
0.631194
0.630398
0.631074
0.632992
0.633633
0.634357
0.631233
0.628535
0.627117
0.626723
0.626841
0.625117
0.627707
0.629287
0.627549
0.629406
0.626999
0.626684
0.627628
0.629683
0.630438
0.630239
0.632031
0.635001
0.634639
0.636132
0.635445
0.63589
0.638325
0.638733
0.640328
0.638162
0.637918
0.641026
0.640123
0.639591
0.63804
0.638284
0.636902
0.638692
0.642261
0.643211
0.641766
0.643294
0.642921
0.646956
0.648677
0.649857
0.652529
0.651254
0.652146
0.652188
0.652955
0.651593
0.651678
0.654965
0.653211
0.652486
0.652273
0.651721
0.64973
0.650703
0.651169
0.649562
0.646705
0.646621
0.647375
0.649182
0.654579
0.657203
0.657376
0.659848
0.658631
0.661726
0.659674
0.659413
0.654707
0.652571
0.654151
0.657117
0.659413
0.657678
0.655824
0.652656
0.651466
0.648929
0.64792
0.64792
0.640082
0.632231
0.636335
0.637552
0.635647
0.635122
0.631273
0.628615
0.630636
0.626763
0.630795
0.633593
0.632551
0.635849
0.634921
0.638651
0.639509
0.641272
0.641108
0.635809
0.638081
0.642756
0.641231
0.642591
0.642674
0.643832
0.641149
0.641313
0.64156
0.642178
0.64433
0.637349
0.636213
0.64119
0.636011
0.633714
0.630477
0.632831
0.632471
0.632231
0.633593
0.635284
0.635566
0.631951
0.631433
0.633032
0.635163
0.633593
0.632992
0.632151
0.629525
0.628299
0.627786
0.627038
0.626096
0.626331
0.62901
0.630318
0.630517
0.630597
0.631512
0.636862
0.639345
0.63861
0.6391
0.638855
0.637552
0.641684
0.639468
0.639141
0.642591
0.642013
0.643749
0.642591
0.638774
0.637349
0.633192
0.634719
0.634639
0.631114
0.629366
0.630994
0.631313
0.633794
0.633553
0.63589
0.63484
0.63589
0.63589
0.638896
0.641684
0.642715
0.641601
0.639591
0.640861
0.642839
0.643376
0.64041
0.64041
0.645828
0.644288
0.642096
0.63678
0.633152
0.63804
0.640164
0.640656
0.640246
0.640697
0.644122
0.648004
0.648677
0.649646
0.650745
0.651339
0.651381
0.652656
0.652997
0.656685
0.653937
0.656469
0.654108
0.657592
0.657073
0.66011
0.657505
0.659239
0.656901
0.653894
0.654793
0.654151
0.658805
0.656383
0.657246
0.659152
0.661332
0.663966
0.665469
0.670241
0.669523
0.669748
0.674082
0.673718
0.676224
0.679486
0.681896
0.68306
0.678979
0.673491
0.678518
0.674127
0.675219
0.676178
0.683434
0.680828
0.681245
0.678426
0.680226
0.678702
0.675767
0.682082
0.687427
0.688516
0.687758
0.690179
0.68738
0.69056
0.691515
0.694975
0.699643
0.710328
0.718184
0.714388
0.716692
0.71958
0.719891
0.720617
0.72722
0.723537
0.73244
0.738007
0.741785
0.736811
0.728332
0.727802
0.727431
0.7303
0.722335
0.729714
0.728438
0.728969
0.730567
0.732869
0.734862
0.745434
0.736214
0.733783
0.739645
0.741785
0.749794
0.745212
0.748167
0.748615
0.74217
0.735078
0.736052
0.742446
0.73959
0.74239
0.74217
0.739372
0.748447
0.748307
0.746157
0.733138
0.727855
0.727882
0.718907
0.720383
0.715256
0.710177
0.711212
0.705716
0.715717
0.717154
0.723746
0.721501
0.721293
0.714337
0.711491
0.715052
0.712251
0.71495
0.711997
0.717875
0.717283
0.722335
0.724848
0.717772
0.721266
0.718546
0.716332
0.712962
0.711187
0.713089
0.712301
0.716949
0.721657
0.722465
0.724559
0.717875
0.724165
0.729315
0.727379
0.731368
0.730834
0.731716
0.744851
0.740192
0.737572
0.740083
0.742501
0.746213
0.752021
0.748167
0.757576
0.757461
0.754945
0.754148
0.761325
0.758725
0.756544
0.761006
0.764701
0.764584
0.763475
0.762195
0.76266
0.763534
0.757404
0.748783
0.751399
0.750188
0.747328
0.755458
0.76333
0.76176
0.767577
0.769882
0.766842
0.766812
0.766842
0.767195
0.766636
0.770001
0.757805
0.758553
0.766342
0.769556
0.766812
0.770713
0.761847
0.766401
0.770802
0.766254
0.765257
0.753154
0.759936
0.760254
0.753949
0.751512
0.751936
0.751767
0.751371
0.757146
0.762864
0.771843
0.777726
0.77991
0.778755
0.775524
0.785855
0.784406
0.785824
0.776036
0.77241
0.768256
0.774863
0.769704
0.770802
0.763068
0.765961
0.7527
0.750413
0.746324
0.750582
0.747943
0.7527
0.751343
0.75792
0.757949
0.759647
0.760341
0.762951
0.755344
0.752814
0.748783
0.752927
0.749148
0.74499
0.7494
0.747803
0.744574
0.746742
0.750497
0.75706
0.758236
0.755344
0.757088
0.748811
0.749092
0.749766
0.747049
0.753239
0.750525
0.749822
0.745935
0.751908
0.764205
0.765433
0.765433
0.765316
0.760109
0.760745
0.76266
0.751965
0.749822
0.743716
0.743522
0.743467
0.743494
0.736865
0.735916
0.737354
0.7397
0.727696
0.728438
0.729049
0.728651
0.726586
0.725268
0.719787
0.721735
0.720617
0.717592
0.719399
0.715768
0.719502
0.726744
0.728863
0.729954
0.728969
0.73006
0.734322
0.73408
0.730914
0.733783
0.740933
0.742859
0.7414
0.735673
0.735835
0.727299
0.730353
0.726137
0.728943
0.733353
0.732252
0.736187
0.73551
0.743799
0.741015
0.741427
0.743633
0.749906
0.75092
0.756945
0.754091
0.752955
0.75663
0.759273
0.759013
0.75861
0.756115
0.756372
0.755515
0.762602
0.765169
0.761383
0.756687
0.759244
0.75706
0.750469
0.750525
0.752191
0.754802
0.750835
0.750751
0.750751
0.758294
0.759763
0.75884
0.762776
0.758438
0.75749
0.754489
0.750863
0.763942
0.765521
0.764848
0.766665
0.771367
0.770713
0.764584
0.765257
0.766342
0.764409
0.758869
0.758869
0.762079
0.764321
0.769083
0.768994
0.769764
0.775855
0.775855
0.77679
0.775194
0.768846
0.773635
0.771426
0.774923
0.770743
0.858431
0.77691
0.778665
0.781311
0.783546
0.786287
0.786473
0.787185
0.786473
0.787216
0.785238
0.792833
0.792833
0.79447
0.797544
0.795229
0.794439
0.795672
0.797162
0.795798
0.794407
0.802987
0.804376
0.811326
0.819001
0.815927
0.816127
0.817661
0.821288
0.820311
0.817628
0.81586
0.827369
0.828295
0.837346
0.838118
0.833889
0.835247
0.83605
0.837767
0.831739
0.83668
0.837661
0.830013
0.83949
0.842957
0.843561
0.843526
0.849834
0.848716
0.842247
0.841751
0.844737
0.838469
0.839631
0.83462
0.828569
0.822639
0.819303
0.816127
0.814531
0.809553
0.812117
0.810143
0.81357
0.813537
0.812414
0.805348
0.811227
0.822402
0.82481
0.916456
0.828157
0.817895
0.813703
0.811655
0.816693
0.811853
0.810438
0.817795
0.821456
0.831532
0.830634
0.823215
0.820042
0.820042
0.823181
0.818733
0.81823
0.810045
0.818766
0.818766
0.817361
0.809881
0.812117
0.806224
0.804829
0.804829
0.805737
0.804699
0.80952
0.804991
0.800256
0.80457
0.797512
0.796813
0.799808
0.799265
0.80551
0.809651
0.809651
0.81126
0.812117
0.809848
0.809127
0.811754
0.81057
0.81636
0.811952
0.803084
0.804117
0.807755
0.807396
0.8141
0.804343
0.804635
0.802472
0.807168
0.810866
0.810866
0.809913
0.819706
0.825525
0.830082
0.82573
0.830323
0.829291
0.830186
0.830668
0.831359
0.828192
0.828706
0.833403
0.832778
0.825287
0.832778
0.822774
0.82203
0.821862
0.82149
0.821862
0.817728
0.82447
0.822098
0.827027
0.823316
0.823384
0.824266
0.818967
0.819941
0.816993
0.818967
0.813868
0.813173
0.818532
0.810077
0.805867
0.807852
0.805023
0.80538
0.806484
0.805315
0.801603
0.805575
0.805477
0.808375
0.810833
0.810833
0.810767
0.806907
0.802729
0.8026
0.799456
0.795862
0.795735
0.793934
0.79526
0.797703
0.800352
0.803374
0.803245
0.805283
0.804246
0.808048
0.808179
0.801539
0.800096
0.792801
0.790326
0.789422
0.787061
0.78911
0.79255
0.791609
0.791077
0.790733
0.79321
0.795577
0.793651
0.790639
0.788955
0.79233
0.794786
0.795925
0.795925
0.797894
0.801796
0.801828
0.802375
0.804182
0.802343
0.803632
0.800833
0.803052
0.795703
0.800416
0.798244
0.794881
0.795608
0.806387
0.807396
0.809684
0.814531
0.810176
0.811293
0.812282
0.808898
0.810668
0.8108
0.810964
0.812315
0.812282
0.817361
0.814531
0.805899
0.80525
0.804214
0.804959
0.803374
0.809192
0.819941
0.81823
0.821659
0.829944
0.827815
0.827301
0.82122
0.819303
0.822098
0.820076
0.81706
0.821997
0.822335
0.820244
0.822166
0.820446
0.813041
0.808734
0.809029
0.814764
0.817595
0.823893
0.827027
0.824063
0.825798
0.821727
0.824674
0.823282
0.825662
0.832154
0.837346
0.835561
0.834516
0.833264
0.833889
0.824198
0.819706
0.829463
0.834899
0.840336
0.841043
0.835876
0.833472
0.833472
0.835946
0.838469
0.840407
0.844167
0.841397
0.840902
0.84122
0.843597
0.844916
0.852043
0.850051
0.849221
0.843277
0.846024
0.845559
0.841503
0.845809
0.847027
0.847422
0.854117
0.854518
0.855395
0.853461
0.853279
0.852551
0.853315
0.848428
0.846274
0.853679
0.859771
0.860104
0.860104
0.853388
0.84538
0.845023
0.852043
0.851789
0.851426
0.85197
0.850159
0.854044
0.846382
0.842993
0.84317
0.843917
0.848104
0.845416
0.850232
0.852915
0.844416
0.840937
0.842424
0.841397
0.849473
0.85481
0.852842
0.850485
0.851499
0.849005
0.850304
0.845273
0.846418
0.846633
0.85197
0.853862
0.844595
0.840018
0.839454
0.840972
0.841008
0.840371
0.841326
0.840124
0.838012
0.838399
0.838118
0.841609
0.841255
0.841078
0.845559
0.85168
0.852769
0.852697
0.85317
0.853643
0.856128
0.856788
0.855139
0.857449
0.858443
0.862255
0.861326
0.861401
0.864267
0.863968
0.863073
0.863148
0.866176
0.863521
0.863483
0.869074
0.869792
0.868508
0.863744
0.862032
0.865464
0.865464
0.855249
0.85266
0.860303
0.856861
0.855945
0.85168
0.858074
0.858922
0.860733
0.855725
0.855725
0.864827
0.870474
0.8604
0.857817
0.856311
0.859624
0.86285
0.86103
0.862924
0.862664
0.862255
0.863707
0.860511
0.853497
0.859254
0.863483
0.862329
0.867039
0.869452
0.867228
0.868432
0.870133
0.87036
0.87222
0.878233
0.876732
0.873897
0.874049
0.872106
0.874279
0.872106
0.87167
0.869338
0.870209
0.863036
0.866251
0.866852
0.865539
0.866626
0.863782
0.864846
0.870284
0.868961
0.868885
0.872182
0.871764
0.86829
0.867717
0.869187
0.876386
0.879314
0.880824
0.883002
0.880941
0.880941
0.881756
0.876962
0.870398
0.867794
0.87128
0.860622
0.860622
0.861549
0.864043
0.865202
0.865688
0.867227
0.863483
0.863483
0.862329
0.861512
0.858406
0.85789
0.85767
0.856751
0.856935
0.855688
0.85481
0.853352
0.849952
0.856494
0.857155
0.855945
0.853315
0.85966
0.860844
0.866063
0.870436
0.870246
0.870663
0.870587
0.874084
0.870322
0.873134
0.876924
0.879856
0.877116
0.879121
0.878773
0.880282
0.878966
0.884251
0.886879
0.890076
0.894454
0.895255
0.895255
0.89674
0.90629
0.90212
0.901754
0.904732
0.903587
0.90465
0.898674
0.908389
0.904773
0.908719
0.901388
0.897666
0.903098
0.896057
0.893376
0.890988
0.895776
0.890036
0.891385
0.902039
0.903057
0.903057
0.904364
0.905182
0.908926
0.907812
0.874814
0.907688
0.908265
0.9081
0.903914
0.898674
0.899564
0.891782
0.903424
0.910788
0.898836
0.897868
0.899523
0.890908
0.890591
0.89075
0.891027
0.895656
0.902161
0.893176
0.890591
0.890036
0.891385
0.891782
0.890353
0.889798
0.900657
0.895616
0.896178
0.899159
0.902039
0.899038
0.899321
0.896941
0.889205
0.883744
0.882457
0.883744
0.886486
0.880514
0.880049
0.882262
0.881679
0.878657
0.874776
0.875925
0.881562
0.880398
0.884056
0.884017
0.88433
0.884447
0.88433
0.887508
0.889363
0.887469
0.887272
0.887745
0.893615
0.889205
0.892379
0.88743
0.888612
0.888612
0.88964
0.887272
0.89071
0.893416
0.889838
0.889166
0.889166
0.888691
0.893455
0.896338
0.898998
0.896309
0.90151
0.90086
0.901998
0.899402
0.902731
0.901104
0.905264
0.905961
0.905961
0.9051
0.903057
0.899726
0.90465
0.900455
0.892658
0.892499
0.891902
0.891782
0.892977
0.892977
0.894095
0.892897
0.892897
0.892698
0.894654
0.886446
0.886721
0.892738
0.894574
0.894494
0.895736
0.897908
0.899928
0.900252
0.895456
0.895375
0.894614
0.896218
0.891146
0.889047
0.887942
0.888376
0.888376
0.887902
0.889521
0.88234
0.878657
0.882418
0.879005
0.879507
0.877385
0.880708
0.886643
0.888849
0.888455
0.888731
0.886446
0.886879
0.889719
0.890551
0.893296
0.893296
0.893376
0.888455
0.890789
0.883392
0.882379
0.885308
0.884995
0.884956
0.885504
0.889061
0.885661
0.885975
0.883236
0.883822
0.883548
0.879565
0.878812
0.878117
0.876002
0.872296
0.87203
0.873096
0.87321
0.872372
0.875887
0.87512
0.881368
0.881951
0.882651
0.883275
0.87831
0.877001
0.872981
0.873477
0.874393
0.876347
0.875695
0.87089
0.869679
0.871042
0.871042
0.87036
0.870853
0.867943
0.864678
0.864118
0.864192
0.86367
0.863968
0.86479
0.868395
0.87127
0.865913
0.860919
0.861067
0.861698
0.858922
0.858885
0.857449
0.859365
0.858775
0.852842
0.849221
0.852152
0.852152
0.852043
0.852115
0.849437
0.851535
0.849798
0.855322
0.854372
0.854445
0.855725
0.850593
0.852806
0.851934
0.852551
0.852697
0.852479
0.846848
0.846489
0.848572
0.845059
0.847565
0.847565
0.847063
0.845952
0.847961
0.850702
0.847817
0.844666
0.843704
0.843989
0.846346
0.845666
0.843633
0.84513
0.852915
0.850955
0.853259
0.857633
0.858885
0.859217
0.858756
0.856935
0.861141
0.861104
0.862329
0.862292
0.858775
0.852224
0.853789
0.84868
0.847278
0.850738
0.849131
0.846848
0.853024
0.855249
0.855542
0.8511
0.850485
0.849293
0.850847
0.859291
0.863894
0.863894
0.861438
0.860104
0.862776
0.863894
0.866664
0.86494
0.863446
0.862589
0.867679
0.871574
0.874355
0.880243
0.879546
0.884134
0.886093
0.891146
0.890829
0.896298
0.892419
0.895536
0.903057
0.90082
0.902894
0.893954
0.903261
0.907112
0.905018
0.9042
0.898715
0.899847
0.910954
0.904241
0.910996
0.922935
0.920387
0.92383
0.922722
0.925412
0.926055
0.932444
0.93006
0.942463
0.944912
0.942329
0.940645
0.942551
0.937383
0.936154
0.936373
0.932444
0.940468
0.939232
0.930882
0.934973
0.934274
0.947239
0.942729
0.946119
0.946119
0.953062
0.953471
0.950932
0.947284
0.955703
0.954335
0.958405
0.958084
0.958359
0.958911
0.955155
0.955612
0.965531
0.960292
0.952835
0.939629
0.935935
0.939805
0.94518
0.948362
0.946656
0.952517
0.946119
0.950616
0.940203
0.929066
0.929454
0.942418
0.945046
0.940955
0.941398
0.947239
0.951158
0.951203
0.942685
0.943263
0.948047
0.947284
0.950299
0.952154
0.950841
0.949217
0.948362
0.949172
0.958176
0.964646
0.968945
0.970403
0.970921
0.986339
0.985076
0.997755
0.999101
0.998203
0.998652
0.995471
0.997108
1.005278
1.006999
1.002054
1.003412
1.002205
1.018382
1.013788
1.017346
1.018797
1.027169
1.027485
1.023803
1.021138
1.025326
1.025904
1.034768
1.01968
1.034447
1.02923
1.034715
1.039447
1.04608
1.048713
1.052742
1.052244
1.069805
1.070377
1.080964
1.091524
1.080089
1.057418
1.035626
1.038745
1.046244
1.023489
1.026958
1.018537
1.015022
1.010662
1.014456
1.010662
1.012351
1.004823
1.008675
1.005682
0.99995
0.998403
0.990001
0.987606
0.986339
0.99458
0.991867
0.988728
0.98868
0.979816
0.983091
0.993493
0.989511
0.99691
1.0006
1.010714
1.015074
1.017294
1.019628
1.01994
1.013069
1.001603
1.003814
1.007049
0.997059
0.994728
1.001603
0.991916
0.988728
0.980729
0.983091
0.9843
0.976706
0.974516
0.973283
0.968429
0.975419
0.97371
0.988142
0.992901
0.996363
1.001853
1.003966
0.992457
1.006188
1.004419
0.993443
0.996165
0.989364
1.001151
0.998054
1.003261
0.9999
1.006087
0.992605
0.992408
0.988289
0.981643
0.986972
0.987996
1.001452
1.012248
1.020564
1.026115
1.015899
1.011736
1.006897
1.010918
1.015589
1.010203
1.003714
1.003966
1.009591
1.016673
1.011071
1.004419
1.005682
0.996016
0.975182
0.977326
0.980296
0.982125
0.982801
0.985902
0.985902
0.973141
0.973757
0.982656
0.992113
0.993838
0.988484
0.986388
0.982946
0.982994
0.976276
0.979624
0.981884
0.998004
0.988338
0.992307
0.994426
0.994243
0.980488
0.98464
0.984107
0.987177
0.986145
0.991002
0.980248
0.981017
0.98668
0.99951
0.997108
0.983623
0.994036
0.994827
0.997506
0.997805
0.997855
1.00015
1.008471
1.007049
1.016673
1.014045
1.011685
1.007201
1.006796
1.010765
1.012402
1.00634
1.005278
0.998752
0.992901
0.983207
0.982077
0.978569
0.976944
0.981826
0.978617
0.974846
0.979768
0.980392
0.982077
0.986568
0.983236
0.984431
0.986923
0.986923
0.988338
0.981696
0.982415
0.978234
0.989007
0.981075
0.980392
0.979665
0.97948
0.988047
0.989413
0.991768
0.99458
0.997705
0.998353
0.998203
0.992556
0.998353
0.990089
0.989364
0.986875
0.98561
0.974629
0.974991
0.97811
0.975848
0.973615
0.965764
0.958865
0.955749
0.950164
0.938262
0.935148
0.93791
0.939496
0.939585
0.943886
0.942241
0.941531
0.943931
0.95702
0.95577
0.952109
0.953812
0.95338
0.951117
0.936838
0.936154
0.934973
0.940999
0.940371
0.944555
0.934798
0.93769
0.932705
0.926741
0.943931
0.936768
0.933097
0.928665
0.934667
0.954791
0.964739
0.964739
0.964702
0.966697
0.968429
0.962835
0.939673
0.943352
0.927042
0.924727
0.908306
0.904797
0.890329
0.870549
0.855348
0.861616
0.863782
0.847529
0.838416
0.846238
0.834986
0.819605
0.781891
0.776572
0.772022
0.812447
0.82203
0.842801
0.869405
0.867058
0.851172
0.84832
0.848824
0.836925
0.829666
0.8142
0.81103
0.807885
0.81707
0.81641
0.808483
0.779114
0.789397
0.811359
0.814067
0.811392
0.809776
0.808211
0.807852
0.804473
0.798276
0.783177
0.786906
0.795732
0.794123
0.796273
0.814697
0.802439
0.810898
0.814538
0.828552
0.835579
0.822639
0.820698
0.82149
0.823079
0.823147
0.818398
0.819874
0.818404
0.813256
0.819504
0.829119
0.839983
0.844096
0.839137
0.843942
0.841468
0.830634
0.814531
0.806354
0.792343
0.802761
0.79923
0.790061
0.786968
0.791838
0.819368
0.818599
0.814133
0.827044
0.818331
0.813802
0.808483
0.812018
0.814797
0.815461
0.818666
0.82021
0.804793
0.802067
0.80289
0.80371
0.804441
0.792487
0.793084
0.796972
0.798531
0.799424
0.805338
0.795982
0.800138
0.785053
0.775624
0.774644
0.78232
0.775585
0.78061
0.768403
0.778574
0.778083
0.781244
0.784588
0.786402
0.787371
0.801218
0.804926
0.810626
0.817996
0.812282
0.813504
0.811227
0.803161
0.792258
0.793399
0.789733
0.807754
0.81473
0.806842
0.807696
0.814759
0.813339
0.826898
0.830595
0.830875
0.824776
0.807396
0.81077
0.806699
0.825457
0.819884
0.820412
0.831241
0.837065
0.843384
0.849542
0.850568
0.854555
0.868961
0.869452
0.861401
0.863306
0.853461
0.849474
0.864521
0.875937
0.890025
0.892061
0.88851
0.892303
0.899535
0.894779
0.919604
0.916632
0.924471
0.904895
0.908802
0.893575
0.897585
0.90559
0.901969
0.90996
0.894614
0.880359
0.88169
0.887057
0.885905
0.879275
0.866664
0.869497
0.865643
0.862813
0.867227
0.867227
0.864192
0.870097
0.86385
0.860733
0.857229
0.855176
0.861289
0.860748
0.859402
0.859753
0.867769
0.881679
0.896298
0.893815
0.896146
0.897022
0.89674
0.903628
0.901555
0.910486
0.919709
0.921786
0.920387
0.920387
0.923745
0.919299
0.916884
0.923873
0.927515
0.926956
0.926956
0.937484
0.929735
0.935016
0.928936
0.92366
0.923404
0.923404
0.915164
0.908839
0.918611
0.919384
0.910167
0.910167
0.902657
0.903751
0.906577
0.913305
0.919202
0.922978
0.923958
0.923958
0.928505
0.921404
0.909906
0.916238
0.918147
0.916128
0.916128
0.915478
0.905563
0.904445
0.906742
0.920984
0.911743
0.921786
0.928634
0.928721
0.926226
0.927111
0.929286
0.927859
0.927128
0.920734
0.931706
0.936023
0.939395
0.933532
0.93362
0.93362
0.927171
0.935174
0.934099
0.91659
0.91462
0.916212
0.916212
0.919244
0.922016
0.93541
0.925583
0.925283
0.923788
0.923788
0.931749
0.945104
0.941531
0.949834
0.958359
0.959693
0.959693
0.967413
0.970167
0.973047
0.968335
0.963855
0.964878
0.964878
0.970403
0.953039
0.961677
0.953698
0.95143
0.949307
0.949307
0.940468
0.939161
0.927394
0.936847
0.926097
0.921956
0.921956
0.930925
0.934492
0.938835
0.938394
0.934798
0.92993
0.92993
0.946566
0.950927
0.9547
0.949478
0.951665
0.950525
0.950525
0.956206
0.943841
0.95249
0.938394
0.934012
0.934754
0.934754
0.94767
0.942774
0.9522
0.942551
0.941349
0.942063
0.942063
0.944724
0.958607
0.954335
0.948857
0.950475
0.94518
0.94518
0.951249
0.943396
0.947553
0.950525
0.945448
0.943263
0.943263
0.943218
0.941797
0.945001
0.933576
0.935878
0.938042
0.938042
0.944002
0.94697
0.954818
0.953516
0.953016
0.953062
0.953062
0.958603
0.959417
0.949208
0.955311
0.949532
0.949532
0.949532
0.963377
0.961904
0.96767
0.966137
0.966277
0.970638
0.970638
0.969288
0.963855
0.967876
0.974469
0.972101
0.971723
0.971723
0.975134
0.968429
0.954381
0.953998
0.947508
0.945626
0.945626
0.9441
0.94304
0.938086
0.939496
0.93835
0.93423
0.93423
0.938632
0.942685
0.942578
0.932244
0.932149
0.934317
0.934317
0.934842
0.936417
0.937374
0.95048
0.949487
0.950968
0.950968
0.954016
0.958782
0.956114
0.956764
0.957488
0.961908
0.961908
0.958901
0.951556
0.947867
0.936672
0.950561
0.950751
0.950751
0.959463
0.96841
0.971997
0.969932
0.972271
0.971308
0.971308
0.971817
0.974754
0.975991
0.974184
0.982145
0.981065
0.981065
0.978857
0.985134
0.990403
0.986407
0.986096
0.986096
0.983091
0.980969
0.982791
0.975524
0.981643
0.971326
0.973994
0.973994
0.979681
0.98174
0.985309
0.991591
0.989609
0.989022
0.989022
0.997039
0.998821
0.998482
0.997108
0.993739
0.997208
0.997208
0.997506
0.998502
1.001813
0.998702
0.984329
0.987167
0.987167
0.981643
1.002305
1.001412
1.000791
0.997287
1.000901
1.000901
0.999001
0.987342
0.988054
0.995818
0.983942
0.982415
0.982415
0.988435
0.976944
0.973151
0.954481
0.959978
0.959978
0.966389
0.97561
0.984058
0.980854
0.98529
0.967773
0.966314
0.966314
0.962705
0.963298
0.955
0.934143
0.94201
0.943396
0.943396
0.944947
0.925763
0.942241
0.951728
0.951475
0.948416
0.948416
0.955657
0.954927
0.961076
0.958212
0.948407
0.941478
0.941478
0.948677
0.948686
0.959693
0.969368
0.963391
0.968429
0.968054
0.96965
0.973217
0.976276
0.971817
0.978636
0.979154
0.97924
0.977718
0.977422
0.961354
0.962455
0.964878
0.965792
0.965531
0.965717
0.947957
0.941265
0.943014
0.939408
0.940291
0.940734
0.938967
0.947885
0.953198
0.956929
0.967867
0.967212
0.967212
0.964804
0.966922
0.968598
0.962112
0.949127
0.945537
0.94518
0.947212
0.955028
0.960513
0.963308
0.963475
0.965531
0.964729
0.968556
0.963763
0.965237
0.965251
0.970959
0.972384
0.970874
0.977326
0.976839
0.980575
0.984252
0.97143
0.972763
0.973615
0.973568
0.964227
0.955201
0.957506
0.962094
0.960246
0.960246
0.958121
0.969086
0.972195
0.962094
0.952653
0.954563
0.954198
0.949415
0.943396
0.942614
0.947688
0.947876
0.950245
0.951475
0.945358
0.939311
0.951746
0.947715
0.961825
0.962371
0.962186
0.966492
0.956572
0.96432
0.966837
0.965214
0.964227
0.964227
0.973245
0.97371
0.974232
0.972573
0.970309
0.96768
0.969556
0.972857
0.969434
0.968823
0.970214
0.973805
0.976372
0.976372
0.974374
0.971638
0.96918
0.97078
0.979058
0.980008
0.980008
0.977498
0.983091
0.990599
0.982685
0.986991
0.989609
0.989609
0.986952
0.988631
0.997009
0.995302
0.989286
0.990099
0.990099
0.984465
0.96965
0.977231
0.97334
0.974184
0.974659
0.974659
0.980363
0.976486
0.968054
0.981374
0.982318
0.981643
0.981643
0.984998
0.990668
0.989727
0.997307
1.0006
0.9998
0.9998
0.997009
0.99989
0.998074
0.99455
0.991473
0.987849
0.987849
0.993552
0.97682
0.979336
0.982531
0.980017
0.982444
0.983187
0.981296
0.975343
0.988621
0.991965
0.97972
0.97972
0.979432
0.977231
0.973425
0.996419
0.99553
0.993907
0.997009
0.997009
0.993453
0.990688
0.990001
0.990099
0.990688
0.990099
0.990099
0.995441
0.994036
0.996115
0.994036
0.987167
0.987167
0.987167
0.982222
0.982608
0.984252
0.99112
0.994125
0.99167
0.99167
0.991473
0.99942
0.9998
0.999021
1.00547
1.002004
1.002004
1.009591
1.001091
1.005399
1.004319
1.006543
1.007455
1.006441
1.006847
1.009928
1.013746
1.013171
1.010591
1.010611
1.010611
1.013192
1.00896
1.006137
0.99949
1.005975
1.005834
1.005834
1.006776
1.000931
1.00452
1.005035
1.000891
0.998901
0.998901
0.996532
1.007953
1.011542
1.009591
1.010611
1.012658
1.012658
1.012064
1.009184
1.00553
1.004823
1.009693
1.011736
1.011736
1.012136
1.01146
1.013973
1.01624
1.017511
1.013582
1.013582
1.016033
1.013993
1.007587
1.01595
1.019077
1.019077
1.022599
1.025967
1.026705
1.027538
1.025525
1.029548
1.028807
1.027749
1.026494
1.029071
1.032013
1.026694
1.028912
1.025115
1.017594
1.009275
1.013284
1.016033
1.016033
1.016033
1.023123
1.020721
1.020106
1.023227
1.023227
1.023227
1.023227
1.023856
1.024706
1.029739
1.030715
1.037226
1.036914
1.03799
1.032748
1.037883
1.042644
1.042427
1.045916
1.045369
1.045369
1.045806
1.040583
1.036495
1.039512
1.041526
1.041667
1.041612
1.033602
1.045795
1.047318
1.048768
1.047889
1.04712
1.04712
1.047889
1.050111
1.04923
1.052831
1.055966
1.057753
1.057753
1.053741
1.049759
1.044496
1.033699
1.03372
1.034768
1.036055
1.037323
1.041764
1.038745
1.039501
1.030524
1.032951
1.032951
1.027876
1.025431
1.028912
1.032951
1.029866
1.026799
1.026799
1.022171
1.022401
1.022966
1.021242
1.023856
1.023123
1.023123
1.023541
1.032077
1.026357
1.02459
1.024821
1.022599
1.022599
1.020179
1.026589
1.021211
1.026778
1.021952
1.020408
1.020408
1.022296
1.033143
1.017915
1.014837
1.018953
1.021138
1.021138
1.020939
1.027327
1.028595
1.018745
1.015022
1.011941
1.011941
1.012043
1.01686
1.030184
1.037355
1.041526
1.043188
1.043188
1.041309
1.04132
1.03584
1.042318
1.038853
1.04015
1.04015
1.032642
1.035572
1.041764
1.042459
1.047449
1.048768
1.048768
1.041732
1.05241
1.056089
1.058291
1.053297
1.054407
1.054407
1.058067
1.06076
1.053952
1.05363
1.046124
1.047011
1.047011
1.044517
1.041515
1.039361
1.023206
1.02373
1.01916
1.01916
1.010785
1.008065
1.011941
1.010305
1.010622
1.009082
1.009082
1.017294
1.017656
1.019493
1.008787
1.012443
1.009897
1.009897
1.009907
1.009469
1.012023
1.014199
1.01626
1.017315
1.021263
1.021315
1.023887
1.01657
1.008888
1.012658
1.011736
1.003583
1.003391
1.011429
1.009693
1.020387
1.008369
1.001753
0.969556
0.972384
0.968326
0.984441
0.972016
0.964711
0.954745
0.956283
0.959039
0.962742
0.97352
0.970751
0.985513
0.977316
0.982898
0.984049
0.984426
0.990207
0.985902
0.990609
1.006016
1.003402
0.981532
0.986412
0.990197
0.980854
0.982434
0.986466
0.98356
0.98121
0.987752
0.982241
0.97683
0.979681
0.977231
0.97426
0.97353
0.962385
0.964218
0.953834
0.954727
0.953834
0.967876
0.970968
0.980657
0.982415
0.983961
0.985989
0.987947
0.98058
0.97995
0.982608
0.982608
0.972838
0.971808
0.961955
0.966128
0.963215
0.964785
0.971912
0.97144
0.979048
0.98056
0.977422
0.979912
0.976849
0.978751
0.983091
0.978857
0.978857
0.979528
0.990099
0.977135
0.973047
0.973302
0.984252
0.981258
0.980565
0.976811
0.982222
0.986777
0.985707
0.992359
0.989981
0.987567
1.001292
0.999016
0.995847
0.994926
1.0031
1.001001
1.00545
1.00634
1.003714
1.005237
1.002366
1.005733
0.998891
0.998602
1.00068
1.000811
1.003402
1.001904
1.002808
1.007354
1.004631
0.9998
1.001904
1.001492
1.0004
1.001512
1.004319
1.013582
1.015022
1.010887
1.010509
1.006563
0.998208
1.00061
1.00775
1.010428
1.009591
1.009591
1.005834
1.010203
1.008542
1.009184
1.008776
1.008065
1.008065
1.013685
1.007973
1.007435
1.0005
1.0006
1.001803
1.002004
1.007475
1.006745
1.001282
1.001001
1.001402
1.001402
1.008654
1.009255
1.003673
1.006249
1.002808
1.002808
1.002707
1.003412
0.996314
0.997307
1.004722
1.001693
1.0003
1.0005
0.99952
1.011757
1.008664
1.005632
1.008014
1.011419
1.016663
1.015538
1.020002
1.012248
1.015538
1.013274
1.011327
1.005126
1.004722
1.007161
1.000971
0.99961
0.999001
1.001161
0.998602
0.995922
0.989413
0.983381
0.978761
0.977995
0.977995
0.980479
0.980027
0.975039
0.971647
0.971157
0.971345
0.975705
0.975248
0.972479
0.967492
0.961446
0.960799
0.959233
0.962455
0.971421
0.976086
0.970139
0.971506
0.973805
0.974459
0.975049
0.976844
0.974944
0.983072
0.981354
0.9737
0.974649
0.976372
0.976372
0.971506
0.97561
0.974944
0.965978
0.98213
0.983671
0.983671
0.982318
0.987167
0.987737
0.986738
0.980594
0.982125
0.980777
0.979643
0.980969
0.980498
0.985319
0.985028
0.986777
0.98912
0.991867
0.987752
0.987654
0.987752
0.982627
0.978656
0.984756
0.989883
0.99552
0.997307
0.997785
0.998682
0.992847
1.000981
0.998901
0.998901
1.00021
1.00318
1.005429
1.007557
1.008065
1.006948
1.008471
1.010918
1.013674
1.01101
1.010816
1.010816
1.011235
1.012043
1.00712
1.006178
1.008888
1.009693
1.012658
1.012474
1.007293
1.014188
1.01389
1.01424
1.013315
1.009082
1.017832
1.022589
1.023646
1.028278
1.02501
1.03146
1.030174
1.026388
1.026062
1.02501
1.02239
1.023772
1.020304
1.02145
1.015734
1.020721
1.016973
1.017698
1.016818
1.012556
1.019992
1.022704
1.021868
1.02459
1.021764
1.020117
1.022809
1.020096
1.020721
1.020721
1.022066
1.014096
1.020825
1.018838
1.007151
1.006948
1.006289
1.007151
1.005915
1.005834
1.001603
0.99945
1.0001
1.0001
1.002828
1.005126
1.004319
1.003593
1.006532
1.002908
1.000941
0.999111
0.998403
0.9998
0.998203
0.998263
0.996989
0.997029
0.998702
1.003714
1.002808
1.001803
1.002175
1.007729
1.007252
1.005126
1.006441
1.006958
1.007049
1.006517
1.006593
1.006492
1.006543
1.007176
1.007907
1.009555
1.011327
1.012095
1.012095
1.012879
1.013274
1.015435
1.014096
1.014302
1.014147
1.015981
1.014955
1.013325
1.011757
1.005556
1.006644
1.008471
1.0071
1.005515
1.005409
1.004636
1.003361
1.003402
1.005884
1.014662
1.01493
1.014724
1.012863
1.013017
1.013895
1.012915
1.0133
1.01389
1.016472
1.015899
1.015899
1.015692
1.016363
1.014909
1.014816
1.006244
1.00842
1.008522
1.006522
1.006644
1.001101
0.997258
0.99199
0.994085
0.99369
0.992768
0.996557
0.997307
1.000831
1.001201
1.00321
1.003009
1.001833
1.00221
1.004374
1.000801
0.997656
0.997656
0.997755
0.993809
0.996612
0.998004
0.999201
0.993019
0.993641
0.993838
0.990275
0.988426
0.983468
0.981802
0.977876
0.978905
0.978905
0.973899
0.972384
0.975334
0.972479
0.971558
0.973994
0.971025
0.971628
0.969946
0.970426
0.973227
0.972195
0.972148
0.974184
0.974849
0.973231
0.978143
0.980969
0.980921
0.980921
0.9789
0.973094
0.974431
0.975976
0.977804
0.977565
0.977565
0.978378
0.98256
0.98341
0.983961
0.982772
0.982898
0.982898
0.983768
0.985717
0.987006
0.98684
0.982999
0.986388
0.986388
0.981123
0.985154
0.984931
0.989218
0.986777
0.98668
0.98668
0.978565
0.979259
0.973753
0.974854
0.974336
0.974184
0.974232
0.973961
0.974564
0.973881
0.9807
0.983294
0.982801
0.982801
0.987928
0.992462
0.992019
0.991881
0.99167
0.992113
0.992113
0.992556
0.994743
0.997108
0.99681
0.988426
0.989462
0.989462
0.989423
0.984678
0.982994
0.983768
0.973146
0.972701
0.972701
0.975686
0.974564
0.964958
0.969833
0.967586
0.96903
0.96903
0.967394
0.962473
0.965517
0.970214
0.965978
0.974203
0.965372
0.967043
0.975049
0.97855
0.980733
0.980733
0.981441
0.980695
0.980195
0.983091
0.983202
0.983245
0.983245
0.981451
0.979811
0.982101
0.963749
0.955927
0.952109
0.951203
0.953898
0.954126
0.952014
0.950616
0.950616
0.952123
0.949032
0.95109
0.95152
0.944198
0.94509
0.94509
0.945805
0.949321
0.951493
0.961465
0.961788
0.961862
0.961862
0.959435
0.963436
0.960573
0.963414
0.964846
0.96452
0.96452
0.967445
0.971383
0.969349
0.973331
0.972573
0.972957
0.972957
0.9737
0.97052
0.972233
0.96724
0.962853
0.962626
0.962626
0.96432
0.964102
0.960029
0.968931
0.972479
0.972039
0.972039
0.970436
0.96651
0.967853
0.969749
0.966277
0.967459
0.967459
0.966931
0.962543
0.957446
0.95057
0.950841
0.952549
0.952549
0.951506
0.952585
0.954249
0.949492
0.950706
0.949028
0.949028
0.948025
0.949221
0.953062
0.952082
0.961358
0.960919
0.960919
0.964655
0.966095
0.969171
0.968631
0.967258
0.966081
0.966081
0.969119
0.971062
0.971402
0.975134
0.971794
0.970403
0.970403
0.972455
0.971109
0.97004
0.9688
0.970097
0.970294
0.970294
0.971341
0.968148
0.96827
0.969053
0.970332
0.971308
0.971308
0.969659
0.966945
0.961973
0.963373
0.963289
0.965974
0.965974
0.965908
0.964167
0.966744
0.971902
0.972162
0.971987
0.971987
0.971426
0.972006
0.963558
0.959187
0.957181
0.956814
0.956814
0.957698
0.955557
0.955521
0.958171
0.957932
0.959546
0.959546
0.960094
0.957071
0.959693
0.957625
0.953812
0.954335
0.954335
0.954522
0.952404
0.955169
0.952821
0.955721
0.958111
0.958111
0.959049
0.955384
0.957249
0.95152
0.949758
0.950968
0.950968
0.947539
0.948195
0.943886
0.944358
0.943432
0.941992
0.941992
0.940137
0.937959
0.935156
0.940221
0.938174
0.939845
0.939845
0.939624
0.941354
0.942405
0.939585
0.943276
0.944697
0.944697
0.945206
0.942378
0.93932
0.936067
0.936413
0.940035
0.940035
0.942987
0.941886
0.94042
0.939311
0.934824
0.933973
0.933973
0.939982
0.940942
0.941416
0.940327
0.941806
0.940265
0.940265
0.937734
0.930956
0.925819
0.92165
0.915701
0.917688
0.917688
0.919604
0.914537
0.914495
0.915164
0.912784
0.912205
0.912205
0.912105
0.911303
0.903289
0.89842
0.903612
0.902136
0.902136
0.901368
0.897042
0.897312
0.894935
0.898517
0.898452
0.898452
0.903204
0.904732
0.901063
0.903996
0.907886
0.906421
0.906421
0.90508
0.907145
0.909339
0.910258
0.910867
0.91066
0.91066
0.911926
0.913146
0.905608
0.900625
0.898456
0.89973
0.89973
0.904282
0.902686
0.899386
0.897175
0.903085
0.903677
0.903677
0.90164
0.900118
0.904609
0.911747
0.902075
0.902002
0.902002
0.900844
0.901478
0.900045
0.903751
0.90162
0.900856
0.900856
0.904871
0.902205
0.895255
0.88928
0.892777
0.890821
0.890821
0.891146
0.89552
0.898283
0.90483
0.903041
0.904098
0.904098
0.906023
0.907202
0.906894
0.905572
0.910776
0.910643
0.910643
0.911598
0.915386
0.918151
0.915449
0.911768
0.910917
0.910917
0.912617
0.910055
0.90848
0.908798
0.90691
0.907124
0.907124
0.907606
0.907808
0.906454
0.906396
0.905961
0.905965
0.906101
0.906812
0.913142
0.913484
0.911939
0.911046
0.911232
0.911232
0.912967
0.918983
0.91773
0.924253
0.917473
0.91752
0.91752
0.918164
0.915705
0.919481
0.91878
0.920001
0.920696
0.920696
0.919625
0.916876
0.914716
0.917987
0.92023
0.920416
0.920416
0.92109
0.919921
0.919004
0.922199
0.921888
0.922024
0.922024
0.917263
0.916271
0.914185
0.915047
0.914662
0.914938
0.914938
0.916393
0.915835
0.919879
0.921128
0.92081
0.921065
0.921065
0.921328
0.920437
0.919709
0.92412
0.929891
0.929558
0.929558
0.931945
0.931129
0.932644
0.935493
0.937647
0.937576
0.937576
0.937339
0.940278
0.937501
0.940813
0.938734
0.938861
0.938861
0.937036
0.936812
0.938254
0.93832
0.93201
0.931589
0.931589
0.933489
0.929588
0.930613
0.931016
0.931315
0.931532
0.931532
0.931793
0.931246
0.931736
0.93028
0.925091
0.924411
0.924411
0.925446
0.921939
0.916969
0.918497
0.916376
0.915931
0.915931
0.916636
0.912101
0.915667
0.915386
0.911369
0.911452
0.911452
0.915089
0.913709
0.915302
0.916964
0.91808
0.917389
0.917389
0.918485
0.913572
0.912863
0.913517
0.913943
0.913601
0.910722
0.91285
0.92154
0.92182
0.920247
0.919261
0.919261
0.920251
0.915839
0.919287
0.919595
0.918725
0.918911
0.912267
0.908827
0.913092
0.905379
0.902833
0.902833
0.90485
0.909819
0.909819
0.91378
0.912767
0.911797
0.912425
0.912425
0.906084
0.903032
0.901652
0.896338
0.896539
0.896539
0.897106
0.892252
0.894562
0.888557
0.888557
0.888557
0.894262
0.89439
0.89439
0.893455
0.895291
0.894843
0.89306
0.89306
0.892423
0.889075
0.886407
0.888001
0.888759
0.886556
0.886556
0.886167
0.891695
0.891691
0.890266
0.890416
0.890099
0.890099
0.889882
0.893368
0.89769
0.893871
0.886643
0.887599
0.887599
0.883342
0.877012
0.878542
0.874814
0.880305
0.882722
0.882722
0.881916
0.881329
0.885936
0.88041
0.884756
0.885736
0.885736
0.883896
0.883822
0.881457
0.883911
0.889711
0.890258
0.890258
0.886713
0.888273
0.889787
0.881418
0.875603
0.875833
0.875833
0.880324
0.877281
0.880398
0.879388
0.875542
0.874653
0.874653
0.8716
0.875197
0.87028
0.867062
0.866356
0.863334
0.863334
0.85955
0.860537
0.858111
0.861427
0.860215
0.861813
0.861813
0.858738
0.860733
0.860659
0.860289
0.861326
0.859771
0.859771
0.859513
0.862199
0.848497
0.848497
0.848353
0.846736
0.843754
0.846633
0.843313
0.842783
0.842783
0.837767
0.837574
0.836736
0.838487
0.83469
0.834324
0.834324
0.835628
0.827431
0.809258
0.808398
0.806367
0.804972
0.804972
0.805542
0.806348
0.803052
0.791233
0.786624
0.785605
0.785605
0.794051
0.802446
0.79747
0.804848
0.798725
0.798569
0.798569
0.803258
0.798614
0.790926
0.802826
0.803306
0.803139
0.803139
0.801944
0.806257
0.803084
0.801247
0.798317
0.797852
0.797852
0.79576
0.793937
0.804865
0.800189
0.799619
0.799523
0.799523
0.797378
0.802887
0.80402
0.801343
0.793109
0.792117
0.792117
0.794682
0.790242
0.783573
0.78681
0.782081
0.78231
0.78231
0.783647
0.783447
0.783665
0.784837
0.795703
0.796594
0.796594
0.798965
0.799914
0.797992
0.801565
0.79564
0.792773
0.792773
0.787749
0.788311
0.794701
0.795162
0.80141
0.800993
0.800993
0.80234
0.800253
0.798352
0.794344
0.794641
0.795554
0.795554
0.793808
0.800916
0.812232
0.822135
0.816993
0.81692
0.81692
0.817588
0.81415
0.817361
0.823649
0.821659
0.820853
0.820853
0.825689
0.831082
0.835303
0.826173
0.822044
0.822453
0.822453
0.82543
0.829772
0.830379
0.822673
0.828339
0.827928
0.827928
0.827082
0.833653
0.836999
0.833792
0.83149
0.832362
0.832362
0.823215
0.817367
0.819642
0.819548
0.812051
0.814399
0.814399
0.81211
0.804855
0.801439
0.803426
0.802761
0.80289
0.80289
0.797474
0.806985
0.802407
0.800541
0.80234
0.804072
0.804072
0.804787
0.810599
0.81412
0.812239
0.812196
0.812097
0.812097
0.812552
0.811682
0.811458
0.817037
0.815428
0.814959
0.814959
0.81151
0.810396
0.807582
0.810222
0.810895
0.811761
0.811761
0.807852
0.800596
0.794218
0.796308
0.795735
0.795437
0.795437
0.790604
0.784572
0.785268
0.785426
0.785642
0.789868
0.789868
0.78416
0.784464
0.773066
0.77241
0.76955
0.770719
0.770719
0.769506
0.772061
0.768049
0.768412
0.765131
0.766507
0.766507
0.767548
0.773829
0.775705
0.76861
0.765433
0.76398
0.76398
0.760835
0.759379
0.758702
0.761797
0.762352
0.761354
0.761354
0.767471
0.761641
0.769853
0.764532
0.765026
0.763545
0.763545
0.764935
0.764968
0.761913
0.763857
0.759824
0.758285
0.758285
0.75685
0.749552
0.749763
0.755715
0.756144
0.757355
0.757355
0.758093
0.758676
0.753659
0.757369
0.755316
0.753125
0.753125
0.75149
0.757538
0.756095
0.757263
0.75373
0.754068
0.754068
0.753829
0.754119
0.758524
0.758208
0.760488
0.756029
0.756029
0.754649
0.753438
0.750272
0.749709
0.750466
0.750112
0.750112
0.748024
0.744543
0.748083
0.753491
0.757401
0.760193
0.760193
0.763234
0.766568
0.76683
0.767816
0.773647
0.772487
0.772487
0.771563
0.769515
0.77104
0.777345
0.773754
0.774042
0.774042
0.769408
0.771001
0.762675
0.763388
0.75944
0.759538
0.759538
0.761702
0.754404
0.761589
0.759091
0.764848
0.765052
0.765052
0.763796
0.762864
0.75963
0.759642
0.751484
0.751654
0.751654
0.753367
0.753886
0.753551
0.751247
0.749783
0.7505
0.7505
0.748637
0.750751
0.74912
0.753395
0.750075
0.749055
0.749055
0.747963
0.750413
0.752095
0.751936
0.748167
0.747664
0.747664
0.750356
0.748315
0.74871
0.747423
0.748119
0.748419
0.748419
0.740094
0.735478
0.73537
0.735727
0.7303
0.726911
0.726911
0.727596
0.728343
0.723893
0.715937
0.721428
0.716509
0.716509
0.714896
0.717793
0.720606
0.723215
0.723
0.724375
0.724375
0.720189
0.721917
0.720106
0.721709
0.721813
0.721813
0.721813
0.716145
0.714921
0.710043
0.71097
0.706989
0.705604
0.705604
0.703665
0.699611
0.700363
0.695096
0.688919
0.687959
0.687959
0.68861
0.688852
0.68526
0.701277
0.706285
0.707872
0.707872
0.701828
0.710959
0.712545
0.709892
0.709348
0.715802
0.715802
0.714133
0.712352
0.722282
0.729448
0.72097
0.718639
0.718639
0.717417
0.724344
0.71564
0.717026
0.72294
0.722204
0.722204
0.72338
0.721061
0.730388
0.727738
0.725021
0.726361
0.726361
0.730506
0.725168
0.726538
0.735294
0.737964
0.739982
0.739982
0.738989
0.745851
0.742914
0.746274
0.749738
0.751092
0.751092
0.752021
0.746408
0.754606
0.747161
0.757857
0.756578
0.756578
0.752842
0.747887
0.748433
0.769394
0.769405
0.76892
0.76892
0.764921
0.765838
0.757688
0.754148
0.753838
0.75358
0.75358
0.758492
0.76328
0.77044
0.77098
0.767654
0.768504
0.768504
0.767098
0.75863
0.763895
0.759714
0.768941
0.769776
0.769776
0.774156
0.782748
0.780628
0.779256
0.778474
0.779879
0.779879
0.780573
0.789974
0.792242
0.785376
0.788271
0.789456
0.789456
0.789017
0.792629
0.791728
0.798308
0.795339
0.796632
0.796632
0.798062
0.788668
0.776913
0.777626
0.773225
0.774671
0.774671
0.768882
0.773455
0.779189
0.778847
0.772944
0.772851
0.772851
0.775047
0.775434
0.774773
0.763983
0.762114
0.762454
0.762454
0.761774
0.760265
0.764965
0.769882
0.767519
0.76753
0.76753
0.765902
0.763213
0.764596
0.763586
0.772556
0.772863
0.772863
0.779059
0.782197
0.786473
0.785916
0.783368
0.782653
0.782653
0.782344
0.777823
0.774293
0.771953
0.776277
0.775588
0.775588
0.780214
0.780823
0.779089
0.782626
0.772386
0.769133
0.769133
0.762547
0.765313
0.768935
0.770336
0.774003
0.774554
0.774554
0.77818
0.772156
0.77006
0.768749
0.766069
0.766927
0.766927
0.761748
0.769083
0.771953
0.775795
0.771653
0.771159
0.771159
0.771245
0.76728
0.766424
0.764973
0.759059
0.761586
0.761586
0.75657
0.75755
0.756581
0.758947
0.765679
0.76678
0.76678
0.76356
0.763245
0.764526
0.768374
0.759382
0.758996
0.758996
0.760083
0.761432
0.766654
0.771394
0.771456
0.771819
0.771819
0.774084
0.778189
0.776811
0.782751
0.776609
0.777309
0.777152
0.771578
0.775188
0.773078
0.773156
0.769853
0.768876
0.769201
0.768678
0.76476
0.762079
0.769325
0.769595
0.769527
0.769556
0.773291
0.779226
0.775344
0.77444
0.766328
0.766348
0.764643
0.759532
0.759425
0.758593
0.761058
0.756885
0.756796
0.756802
0.757579
0.756024
0.757581
0.766163
0.759175
0.758581
0.758581
0.75726
0.756621
0.757194
0.759717
0.762274
0.761748
0.761528
0.762041
0.757125
0.759532
0.756859
0.753429
0.752078
0.75914
0.753679
0.754996
0.757777
0.76246
0.761009
0.760832
0.761449
0.762858
0.76239
0.75745
0.750309
0.750103
0.750103
0.746857
0.750272
0.748646
0.74689
0.747189
0.746505
0.746519
0.745868
0.746182
0.74648
0.74643
0.746322
0.746088
0.745962
0.746938
0.749822
0.745595
0.74214
0.73993
0.738503
0.738503
0.736307
0.742016
0.745921
0.74443
0.739771
0.740362
0.740384
0.744056
0.744604
0.742198
0.741466
0.740014
0.739593
0.739399
0.745476
0.743749
0.744081
0.750331
0.751933
0.752273
0.752361
0.753915
0.752615
0.754623
0.75637
0.759512
0.758708
0.758639
0.761023
0.762262
0.762367
0.746021
0.750379
0.749822
0.749822
0.746335
0.747552
0.746801
0.742209
0.739235
0.738089
0.738089
0.740384
0.737776
0.737485
0.741155
0.745184
0.744131
0.744131