0
1
2
4
6
7
7
11
11
13
14
16
16
17
18
19
19
23
23
23
23
24
24
27
28
28
31
31
31
34
34
34
38
40
40
43
43
46
0
1
4
4
7
9
11
13
14
14
17
17
18
18
18
19
21
23
23
24
26
26
29
31
31
31
32
32
34
34
35
35
37
38
38
39
39
43
0
0
0
1
1
3
3
6
6
6
6
7
7
10
10
10
14
15
17
17
17
19
19
21
22
27
30
31
31
31
31
33
34
36
38
39
39
41
0
1
1
1
4
4
7
7
8
8
8
9
9
10
11
11
14
16
16
16
21
21
21
21
28
30
32
32
36
36
38
39
39
44
44
46
47
48
0
2
3
3
3
7
7
8
8
10
13
13
17
19
20
20
21
22
22
22
22
23
23
26
27
28
29
29
31
34
34
37
38
38
41
42
42
44
0
2
2
2
4
4
4
6
8
8
9
9
10
10
14
14
15
16
20
20
23
23
25
26
26
27
32
32
32
33
33
34
34
34
37
39
39
40
0
1
3
5
6
6
8
9
9
11
12
14
15
15
15
16
19
21
21
21
22
23
23
23
26
26
28
28
29
29
29
30
30
32
36
36
36
41
0
1
1
5
5
7
11
11
12
14
14
18
21
21
21
25
27
28
29
33
35
37
40
40
43
43
48
48
51
52
52
52
52
56
62
67
69
69
0
4
6
6
8
10
12
12
12
16
19
19
19
20
22
22
22
29
29
32
32
35
35
37
38
40
40
42
42
43
43
45
45
48
50
51
52
53
0
3
5
6
6
8
10
10
13
13
14
14
15
20
22
25
26
26
29
29
29
29
29
31
31
32
39
41
41
42
42
43
46
48
48
50
50
52
0
3
3
4
5
6
8
9
9
9
9
10
13
15
15
17
17
19
20
20
23
23
24
25
25
27
28
30
31
35
37
39
40
40
43
43
45
47
0
0
0
3
3
6
6
9
9
11
13
16
16
16
16
18
18
19
19
19
22
23
26
28
29
29
29
29
31
31
34
34
35
35
35
36
36
37
0
0
1
2
4
5
6
6
6
7
8
10
10
10
11
12
12
15
15
15
15
15
17
19
20
23
25
26
26
26
31
31
32
36
36
36
44
45
0
3
3
4
5
6
9
9
9
9
9
11
13
13
16
16
16
17
17
18
19
20
22
26
27
27
27
27
31
32
33
34
35
35
36
36
39
39
0
1
1
3
4
4
4
4
4
4
5
5
6
7
8
10
10
11
11
11
11
11
11
11
12
12
13
13
15
15
19
19
20
23
24
26
30
31
0
1
1
2
4
6
6
8
8
8
9
10
10
10
12
13
13
14
15
15
16
17
18
18
18
20
20
20
22
22
22
22
22
22
23
25
25
27