0
0
0
4
4
7
8
7
7
9
14
10
28
10
12
24
15
13
14
14
18
19
27
22
41
23
32
23
32
29
38
29
38
47
33
39
35
35
0
0
5
2
2
1
5
5
10
8
11
13
20
15
15
18
19
21
12
26
22
26
26
27
37
30
25
31
43
31
38
32
46
58
51
33
33
53
0
0
4
4
4
5
9
7
10
8
10
13
15
16
13
12
17
19
15
20
20
15
24
43
25
31
28
29
34
30
34
33
27
36
38
54
40
42
0
1
2
1
2
3
7
5
7
7
8
14
10
18
10
24
11
35
12
12
19
14
33
15
21
16
30
18
44
29
31
22
63
24
42
24
25
63
0
2
4
4
5
4
7
10
7
8
12
12
13
22
18
14
6
22
30
22
22
22
24
40
14
29
40
31
40
32
58
33
33
38
33
37
36
34
0
0
2
4
6
4
11
6
6
7
17
10
15
10
13
7
15
26
15
17
30
15
31
19
23
20
21
21
17
37
41
25
25
49
33
28
28
48
0
2
4
3
4
4
7
4
8
6
12
14
10
12
16
13
13
14
22
17
18
36
19
16
21
43
34
23
24
28
51
29
39
35
31
54
23
35
0
2
0
5
4
15
4
11
13
7
3
10
19
10
11
12
9
29
15
15
17
31
17
39
17
31
18
34
21
42
22
24
24
27
63
29
31
31
0
0
1
1
1
8
4
13
6
12
10
8
14
15
18
18
19
11
20
28
27
23
24
31
25
33
22
25
43
26
37
27
28
47
32
21
36
51
0
1
2
4
8
8
15
6
13
13
14
15
8
15
19
20
34
14
21
32
23
42
23
19
28
26
42
30
57
31
49
33
50
34
36
42
39
42
0
0
1
3
3
9
7
10
10
17
14
11
11
17
15
18
18
12
20
22
16
22
34
29
23
43
33
33
29
49
30
38
31
34
32
36
58
41
0
0
2
4
10
11
14
8
8
17
11
21
15
23
17
23
24
32
32
26
28
20
33
47
34
25
37
39
39
35
39
25
41
57
38
43
63
47
0
0
0
5
1
2
4
5
16
6
14
14
11
13
16
18
16
18
26
21
19
26
28
28
29
29
50
30
32
56
33
47
37
35
35
35
67
37
0
3
0
4
2
6
7
9
9
8
9
5
10
16
13
11
18
17
18
30
18
46
19
31
21
31
38
27
28
28
46
28
37
44
41
54
55
41
0
1
3
2
6
6
7
11
11
16
11
14
15
9
15
18
19
32
22
23
24
25
25
25
38
28
37
29
33
30
30
32
26
33
44
35
50
47
0
2
0
3
5
3
5
5
7
11
8
9
9
11
26
13
17
14
32
34
18
21
34
24
22
27
23
36
28
30
32
30
42
40
34
60
34
72
0
4
4
4
6
6
7
12
11
9
5
11
16
13
19
15
17
21
33
19
22
31
38
25
47
28
34
32
52
40
40
54
42
27
42
43
62
41
0
3
4
5
8
4
7
8
10
10
13
7
16
19
8
19
20
26
20
23
25
14
28
33
31
40
35
20
39
47
58
50
45
63
48
32
48
51
