0
1
4
7
7
5
12
20
11
15
12
22
16
23
23
19
17
29
30
20
19
36
38
38
16
39
37
43
35
47
33
49
34
37
57
54
61
61
0
2
0
5
9
8
14
16
8
21
8
24
30
28
19
34
27
35
23
17
30
43
43
46
29
50
26
55
21
58
24
66
42
40
45
74
74
42
0
2
1
9
1
10
6
17
3
21
11
26
18
17
31
10
36
36
21
39
29
34
45
24
52
25
56
57
39
64
38
66
55
69
73
52
41
81
0
2
1
8
7
11
5
14
18
18
19
10
25
24
28
23
30
13
34
35
16
40
31
44
23
49
34
53
32
55
42
62
34
69
40
69
70
47
0
2
3
12
16
7
21
7
8
29
6
31
32
11
38
11
31
44
20
47
48
26
52
35
37
55
29
63
30
64
29
72
73
42
76
49
43
86
0
2
1
7
1
9
7
11
9
13
9
19
15
22
22
35
22
13
27
40
25
34
29
36
30
39
39
39
33
32
34
53
53
28
49
61
61
43
0
1
4
3
1
8
4
15
13
16
14
7
21
22
13
26
26
21
16
35
37
17
37
52
46
27
41
51
51
52
25
52
39
26
57
35
63
63
0
3
3
6
10
3
16
7
9
22
15
27
10
29
31
32
24
28
36
36
25
22
43
27
49
32
52
48
57
25
58
59
56
63
37
66
52
73
0
1
2
1
8
5
12
9
16
7
22
19
19
25
25
16
28
26
29
20
22
34
37
29
38
25
24
38
30
45
45
50
54
25
60
59
64
37
0
0
10
11
3
17
8
4
29
21
36
36
33
13
40
41
17
29
51
26
53
28
55
49
60
42
32
61
28
66
37
71
28
75
76
69
78
39
0
4
7
5
13
5
16
7
18
7
19
22
24
18
28
15
34
31
37
39
32
42
19
27
50
26
31
33
59
37
62
45
63
66
71
68
45
70
0
0
0
0
3
7
9
9
6
12
9
23
14
26
15
31
31
19
18
35
36
52
39
33
46
49
53
39
57
31
61
75
63
31
56
67
47
71
0
0
0
2
8
8
10
13
6
14
19
17
18
23
18
24
26
31
20
39
41
41
25
40
24
49
25
52
55
35
59
28
51
64
78
65
44
71
0
1
2
5
3
11
13
5
18
17
22
15
24
12
22
30
32
33
36
15
39
22
43
15
47
41
25
52
53
53
40
80
56
37
59
39
42
66
0
2
4
5
7
7
11
11
13
5
18
17
20
24
22
17
28
20
32
34
22
37
11
44
21
47
33
51
39
56
43
62
65
66
43
67
30
37
0
0
2
2
3
5
5
12
13
12
18
19
22
23
16
27
32
31
22
19
34
37
31
32
37
47
41
25
44
46
30
52
35
31
58
35
59
27
0
3
3
2
8
10
15
6
7
19
14
24
14
28
16
36
37
23
29
41
44
23
25
51
22
54
56
56
40
63
64
41
66
51
68
72
28
61
0
4
4
1
7
4
5
11
12
6
19
20
22
9
32
29
30
16
38
34
37
39
40
21
45
28
51
79
51
39
29
31
62
42
67
35
72
73
