0.0
1.5
1.5
1.5
1.5
1.2
1.5714285714285714
1.875
1.5
1.8
1.1
2.0
0.4166666666666667
2.0
1.8666666666666667
1.1333333333333333
1.4375
1.8888888888888888
1.8421052631578947
1.6842105263157894
1.6
1.809523809523809
1.3636363636363635
1.6956521739130437
0.6666666666666666
1.64
1.5384615384615383
1.7857142857142858
1.25
1.7666666666666666
1.2
1.78125
0.96875
1.1176470588235294
1.8
1.7222222222222223
1.864864864864865
1.8421052631578947
0.0
1.5
0.0
1.0
1.5
2.0
1.5714285714285714
1.75
1.0
1.8
0.9090909090909092
1.5833333333333333
1.6153846153846154
1.6428571428571428
1.5
1.7647058823529411
1.7647058823529411
1.6666666666666667
1.5
1.0
1.7272727272727273
1.7826086956521738
1.7826086956521738
1.8333333333333333
1.16
1.8461538461538465
1.2962962962962965
1.9285714285714288
0.8928571428571429
2.0
1.09375
2.090909090909091
1.2727272727272727
0.9166666666666666
1.3888888888888888
2.189189189189189
2.189189189189189
1.131578947368421
0.0
1.5
0.0
1.75
0.75
1.6
1.0
2.125
0.8888888888888888
2.2222222222222223
1.2
1.9166666666666667
1.5833333333333333
1.5384615384615383
2.1333333333333333
1.0666666666666669
2.0588235294117645
1.9444444444444444
1.3888888888888888
1.95
1.5714285714285714
1.809523809523809
2.0
0.7083333333333334
2.08
1.08
2.074074074074074
2.0357142857142856
1.5517241379310345
2.1
1.6129032258064515
2.0625
2.0303030303030303
2.0
2.0
1.108108108108108
1.3243243243243243
1.973684210526316
0.0
1.5
0.3333333333333333
2.25
1.75
2.1666666666666665
0.5
2.125
2.375
2.3
2.1818181818181817
1.0
2.3076923076923075
1.5
2.2666666666666666
1.0625
2.235294117647059
0.6470588235294118
2.210526315789474
2.25
1.2
2.227272727272727
1.0
2.2916666666666665
1.25
2.3461538461538463
1.4230769230769231
2.392857142857143
1.1724137931034482
2.033333333333333
1.4838709677419355
2.40625
0.9393939393939394
2.342857142857143
1.3428571428571427
2.305555555555556
2.27027027027027
0.868421052631579
0.0
0.5
0.3333333333333333
2.25
2.4
1.8
2.2857142857142856
1.1428571428571428
1.25
2.5
0.5
2.1666666666666665
2.076923076923077
0.6923076923076923
2.066666666666667
0.8666666666666667
2.294117647058824
1.9444444444444444
0.9473684210526316
2.05
2.095238095238096
1.2272727272727273
2.0869565217391304
1.2083333333333333
2.0
1.9615384615384608
0.8148148148148148
2.0357142857142856
1.0714285714285714
2.0
0.6666666666666666
2.09375
2.121212121212121
1.3714285714285714
2.138888888888889
1.4864864864864864
1.648648648648649
2.1842105263157894
0.0
1.5
0.3333333333333333
1.2
0.5
1.4285714285714286
0.75
1.4444444444444444
1.5555555555555556
1.5454545454545454
0.4545454545454545
1.7692307692307692
1.3076923076923077
1.8571428571428568
1.625
2.5294117647058822
1.5294117647058822
0.7222222222222222
1.6842105263157894
2.095238095238096
1.0476190476190477
1.681818181818182
1.2608695652173914
1.5416666666666667
1.56
1.5769230769230769
1.5185185185185186
1.5185185185185186
1.896551724137931
1.2413793103448276
1.096774193548387
1.606060606060606
1.606060606060606
0.8235294117647058
1.7428571428571429
1.648648648648649
1.648648648648649
1.3421052631578947
0.0
0.3333333333333333
1.0
1.0
0.4
1.5714285714285714
0.4285714285714285
1.8888888888888888
1.4444444444444444
1.6363636363636365
1.4166666666666667
0.6666666666666666
1.5714285714285714
1.4666666666666666
1.2666666666666666
1.5294117647058822
1.5294117647058822
1.4705882352941178
1.0555555555555556
1.65
1.7142857142857142
0.7272727272727273
1.6363636363636365
2.375
1.7692307692307692
0.925925925925926
1.5357142857142858
1.896551724137931
1.8333333333333333
1.7741935483870968
0.8125
1.696969696969697
1.606060606060606
1.2058823529411764
1.7714285714285714
1.0
2.189189189189189
1.763157894736842
0.0
1.3333333333333333
2.0
1.0
2.1666666666666665
0.1666666666666666
2.375
1.0
0.5555555555555556
2.363636363636364
2.090909090909091
2.3076923076923075
0.6153846153846154
2.357142857142857
2.4
2.3125
2.0
0.8823529411764706
2.263157894736842
2.2
1.45
0.9047619047619048
2.217391304347826
1.125
2.28
1.5
2.3076923076923075
1.6296296296296295
2.2413793103448274
1.0
2.161290322580645
2.09375
1.878787878787879
2.088235294117647
0.9142857142857144
2.055555555555556
1.6756756756756757
2.1052631578947367
0.0
1.5
1.3333333333333333
1.0
1.8
1.4
1.7142857142857142
1.0
1.7777777777777777
0.5
1.818181818181818
1.9090909090909087
1.6666666666666667
1.6428571428571428
1.5333333333333334
1.0666666666666669
1.7058823529411764
2.111111111111111
1.6666666666666667
1.2105263157894737
1.15
1.7272727272727273
1.7826086956521738
1.2608695652173914
1.72
1.08
1.2692307692307692
1.6666666666666667
0.9642857142857144
1.7333333333333334
1.1666666666666667
1.8125
1.8484848484848484
0.9117647058823528
1.8571428571428568
2.055555555555556
1.837837837837838
1.1842105263157894
0.0
0.0
2.0
1.5
0.6
1.5
0.875
0.875
1.9
1.9
2.083333333333333
1.9230769230769231
2.357142857142857
1.3571428571428572
1.9375
1.8823529411764703
0.9411764705882352
1.8421052631578947
2.05
1.1
2.0
0.8571428571428571
2.0454545454545454
2.0434782608695654
1.96
1.64
1.0
1.9259259259259256
0.8214285714285714
2.0
0.9
2.064516129032258
0.96875
2.088235294117647
2.0285714285714285
1.7714285714285714
1.945945945945946
1.2105263157894737
0.0
1.5
1.3333333333333333
1.25
2.0
1.1666666666666667
1.5714285714285714
0.875
1.5555555555555556
0.6
1.2727272727272727
1.6666666666666667
1.7692307692307692
1.3571428571428572
1.7333333333333334
0.9375
1.8823529411764703
1.7222222222222223
1.8421052631578947
1.8
1.809523809523809
1.818181818181818
0.9565217391304348
1.125
1.96
0.9230769230769232
1.2222222222222223
1.3214285714285714
1.933333333333333
1.0666666666666669
1.9375
1.4545454545454546
1.9090909090909087
1.8823529411764703
2.085714285714286
1.8611111111111112
1.135135135135135
1.763157894736842
0.0
0.0
0.3333333333333333
0.3333333333333333
0.8
0.6
1.0
0.75
1.3333333333333333
1.1111111111111112
1.1
1.5833333333333333
0.8333333333333334
1.6428571428571428
1.1428571428571428
1.8125
1.7058823529411764
0.8333333333333334
0.8947368421052632
1.8
1.7142857142857142
2.1818181818181817
1.565217391304348
0.75
1.6
2.0384615384615383
1.7037037037037035
1.5714285714285714
1.793103448275862
1.137931034482759
1.870967741935484
2.21875
1.8484848484848484
0.9117647058823528
1.6764705882352942
1.8285714285714283
1.162162162162162
1.763157894736842
0.0
0.5
0.6666666666666666
0.0
1.6
2.0
1.2857142857142858
1.5
0.25
1.5
1.4
1.5454545454545454
1.3333333333333333
1.4285714285714286
1.2142857142857142
1.7333333333333334
1.411764705882353
1.5
1.0526315789473684
1.65
2.0454545454545454
1.4782608695652173
1.173913043478261
1.4166666666666667
1.2
1.5769230769230769
0.8888888888888888
1.6785714285714286
1.6666666666666667
0.7666666666666667
1.7096774193548387
1.0625
1.6666666666666667
1.7878787878787878
2.4
1.8
0.945945945945946
1.8421052631578947
0.0
0.0
2.0
1.5
1.4
2.0
2.142857142857143
0.875
2.111111111111111
2.0
2.272727272727273
1.8333333333333333
2.1538461538461537
1.2142857142857142
1.8
2.1875
1.9411764705882355
2.0
2.0526315789473686
0.9
2.142857142857143
0.8636363636363636
2.217391304347826
0.9583333333333334
2.2
1.5769230769230769
0.9230769230769232
2.107142857142857
2.066666666666667
2.066666666666667
0.935483870967742
2.161290322580645
1.93939393939394
1.088235294117647
1.9142857142857144
1.2777777777777777
0.972972972972973
2.0
0.0
1.5
1.3333333333333333
1.5
1.2
1.1666666666666667
1.4285714285714286
1.125
1.2222222222222223
0.4
1.5454545454545454
1.3333333333333333
1.3076923076923077
1.8571428571428568
1.5333333333333334
1.4375
1.5294117647058822
0.9444444444444444
1.5789473684210529
1.65
1.238095238095238
1.6363636363636365
0.9565217391304348
1.75
0.68
1.7307692307692308
1.037037037037037
1.821428571428572
1.3928571428571428
1.9
1.8
1.96875
2.264705882352941
2.0
1.4722222222222223
1.9189189189189189
1.0
1.1578947368421053
0.0
0.0
2.0
1.0
0.4
1.6666666666666667
1.4285714285714286
2.0
1.7777777777777777
1.3
2.0
1.6666666666666667
2.0
1.8571428571428568
0.8
1.875
1.8823529411764703
2.0
1.0526315789473684
0.85
2.0
1.9545454545454544
1.0869565217391304
1.375
1.8
2.0384615384615383
1.8888888888888888
0.9642857142857144
1.7586206896551724
1.7333333333333334
1.1935483870967742
1.8125
1.1176470588235294
1.1764705882352942
1.8
0.8857142857142857
1.8108108108108107
0.4473684210526316
0.0
0.0
0.3333333333333333
0.5
1.4
1.6666666666666667
1.8571428571428568
0.5
0.6666666666666666
2.0
1.818181818181818
2.0
1.1538461538461535
2.0
1.2666666666666666
2.125
2.0
1.2777777777777777
0.8421052631578947
2.0
1.9523809523809523
1.181818181818182
1.0434782608695652
1.9583333333333333
0.8
1.9230769230769231
1.7857142857142858
1.933333333333333
1.1
1.78125
1.818181818181818
1.088235294117647
1.8
1.805555555555556
1.8333333333333333
1.864864864864865
0.6486486486486487
1.605263157894737
0.0
1.5
1.0
0.0
1.2
1.3333333333333333
1.0
1.625
1.4444444444444444
0.8
1.7272727272727273
1.9166666666666667
1.6923076923076923
1.0714285714285714
2.1333333333333333
1.75
1.7058823529411764
0.8333333333333334
1.7894736842105263
1.7
1.761904761904762
2.0454545454545454
1.6956521739130437
1.0416666666666667
1.68
1.1923076923076923
1.6666666666666667
2.571428571428572
1.5517241379310345
1.2
0.84375
0.8484848484848485
1.588235294117647
1.0
1.5833333333333333
1.4594594594594594
1.6216216216216215
1.5789473684210529
