0
0
0
4
4
7
7
9
9
6
11
4
13
7
8
10
7
7
6
7
7
4
8
6
5
5
6
13
11
6
12
4
10
10
4
12
8
5
0
3
3
4
4
7
2
6
11
5
9
9
6
2
10
5
11
7
10
10
10
9
3
3
11
5
11
13
13
5
15
7
15
15
15
7
12
15
0
0
4
5
7
6
11
6
13
6
15
4
9
9
7
9
10
7
9
4
10
10
5
13
6
13
11
7
11
9
10
1
10
11
10
6
6
0
0
0
6
7
9
12
13
10
11
9
3
13
6
13
10
11
10
11
9
10
11
10
13
6
13
13
15
5
15
15
13
7
11
1
9
11
8
9
0
3
6
2
4
12
6
13
13
9
13
10
3
8
7
6
8
8
8
3
13
13
4
10
10
7
7
5
9
6
10
5
13
13
6
13
13
5
0
3
3
4
9
8
10
1
7
11
8
12
10
9
7
6
3
6
8
8
8
6
8
7
7
4
9
9
7
7
9
15
10
10
10
2
3
11
0
1
1
12
5
3
10
10
15
3
10
10
4
4
4
11
5
5
7
2
7
10
12
12
10
13
13
7
8
5
6
4
4
4
8
8
11
7
0
4
4
10
4
13
7
15
15
9
13
6
11
10
1
3
10
10
7
10
8
10
2
11
6
13
2
13
7
11
11
1
6
13
5
1
10
6
0
0
3
4
4
9
7
9
6
10
6
8
8
4
13
4
5
7
11
8
9
1
11
11
4
11
9
4
5
5
9
6
15
13
6
13
15
8
0
3
3
9
6
6
9
9
2
13
3
5
7
7
6
3
7
13
7
13
5
11
7
13
13
8
7
9
7
4
12
7
15
12
4
10
6
4
0
1
3
7
5
11
12
7
13
7
9
4
9
12
6
9
11
9
5
3
10
8
11
11
8
11
13
13
6
9
4
7
7
9
6
6
5
10
0
0
6
1
1
4
12
6
9
12
9
5
12
4
13
10
4
10
10
5
6
7
7
4
12
7
4
13
8
15
4
12
0
12
12
5
8
8
0
1
1
2
8
8
8
2
10
12
7
6
4
6
8
6
0
4
10
5
10
10
7
7
5
7
10
11
6
12
10
12
12
8
13
1
11
5
0
3
3
1
9
7
8
13
0
13
10
10
5
12
12
10
10
4
10
8
4
13
7
13
11
10
10
5
9
13
7
7
15
5
6
8
10
1
0
1
1
5
10
9
13
6
6
8
6
7
5
9
4
6
7
10
10
7
10
11
12
10
9
10
12
3
12
4
15
4
13
6
10
6
8
6
0
3
3
2
7
4
9
10
7
12
5
15
6
3
8
2
8
1
10
12
7
9
8
8
8
6
7
7
12
6
7
11
9
9
6
11
10
9
0
0
1
4
7
10
7
15
15
1
13
6
9
5
11
2
9
9
9
6
3
10
13
10
7
5
8
7
7
12
2
9
15
12
2
5
12
12
0
0
4
3
9
7
7
8
4
10
15
9
10
12
12
4
4
8
8
9
2
9
5
6
7
5
9
6
8
3
6
9
12
12
12
9
1
6
