0
1
1
5
1
6
9
9
9
12
9
18
10
20
19
12
13
26
24
14
18
35
21
25
23
43
23
17
23
30
29
52
29
32
54
34
50
46
0
0
0
1
3
3
10
12
5
10
9
15
14
22
17
28
18
17
21
22
25
20
37
29
29
32
30
33
31
34
32
38
32
33
33
58
44
33
0
4
2
5
4
5
6
5
8
11
9
14
13
13
15
13
17
23
19
29
21
21
27
24
23
25
32
38
30
32
32
37
34
35
48
41
41
61
0
3
1
3
1
2
3
7
5
12
21
9
8
10
22
11
22
11
14
25
12
25
14
44
15
19
16
44
18
19
20
33
22
54
24
49
45
25
0
1
4
5
7
5
6
7
7
7
8
15
11
13
16
18
20
24
22
37
28
23
31
25
25
30
30
43
31
36
32
42
12
33
58
34
34
45
0
0
1
5
4
4
4
15
6
6
7
8
10
13
15
15
26
15
26
15
15
31
16
32
19
17
31
37
22
22
23
30
54
26
27
66
43
29
0
3
2
2
3
11
4
8
4
14
6
6
12
20
12
9
21
13
13
26
26
19
29
19
29
22
23
34
26
20
29
41
29
30
50
33
34
42
0
2
2
3
8
4
7
4
6
6
7
26
10
14
24
27
14
14
19
18
15
16
39
17
25
18
37
18
42
21
22
45
26
17
29
76
31
58
0
2
1
3
4
1
8
4
14
6
18
10
12
22
4
18
23
20
20
21
23
39
26
24
31
25
25
49
25
46
26
32
21
32
50
32
24
36
0
1
1
0
8
7
10
10
15
13
18
19
18
18
20
34
20
20
28
21
42
23
18
25
20
28
30
29
30
59
32
34
33
33
64
36
54
41
0
1
2
2
4
4
2
9
5
10
10
18
11
12
20
17
16
19
29
24
22
33
22
22
34
27
27
27
54
29
63
31
39
44
36
43
39
41
0
0
1
2
7
10
10
16
17
9
18
18
21
24
23
15
21
25
26
25
23
31
47
33
24
35
25
38
31
39
53
41
70
41
41
48
44
49
0
1
5
0
6
1
5
17
5
13
6
8
17
17
13
14
31
32
18
37
24
21
26
27
29
33
29
32
36
32
38
34
35
48
35
56
36
67
0
0
4
5
5
7
5
8
17
9
13
10
17
10
10
15
17
22
23
18
25
19
25
21
29
26
26
42
37
22
34
34
31
40
43
41
41
60
0
2
4
4
1
6
7
9
15
11
10
13
17
15
18
18
22
21
21
15
25
20
25
30
27
35
29
47
29
46
30
49
32
45
34
36
35
35
0
1
3
4
3
12
9
7
7
7
12
8
16
24
12
28
13
21
18
18
24
22
21
22
39
22
24
26
22
41
30
37
34
34
57
34
38
36
0
2
3
5
3
7
8
7
9
16
10
13
12
24
14
19
19
19
19
31
45
22
23
16
28
30
34
36
36
50
39
42
22
42
46
52
43
43
0
1
3
8
5
8
8
12
13
12
6
16
9
16
16
18
32
20
20
29
27
26
34
30
35
34
24
36
37
41
41
43
42
46
27
48
54
57
