0
0
0
5
2
9
7
13
13
11
15
16
22
15
21
23
23
25
33
30
30
26
38
24
39
23
41
59
43
31
47
34
49
53
34
59
41
37
0
4
4
3
4
10
5
5
18
9
22
18
25
14
33
18
34
26
35
37
42
34
14
30
49
26
51
52
55
34
63
35
66
72
72
43
87
75
0
0
4
6
9
6
12
10
21
11
24
16
26
27
14
31
25
23
36
15
41
41
19
49
32
52
42
38
62
35
64
33
67
42
37
75
75
21
0
2
6
7
8
9
11
11
14
13
9
23
11
28
22
29
16
30
18
23
35
21
42
20
44
46
49
39
55
57
58
45
62
42
69
40
50
71
0
4
9
4
6
16
8
21
22
9
29
12
8
32
23
38
42
23
45
31
23
51
29
52
53
28
58
28
63
25
67
45
62
74
33
79
79
38
0
1
2
3
9
10
10
7
11
12
13
15
19
15
13
22
21
23
20
27
27
14
34
21
38
31
33
36
43
43
48
64
29
54
57
23
42
64
0
0
1
11
3
4
8
9
15
8
19
19
12
14
22
26
20
26
27
12
15
37
24
43
29
48
50
29
37
44
52
36
52
54
49
59
62
45
0
3
3
7
8
10
9
16
19
17
22
15
27
21
20
13
33
33
29
34
36
40
23
46
31
52
24
54
26
57
53
28
62
70
64
17
72
36
0
1
1
4
4
8
6
12
14
18
11
22
23
26
32
25
16
29
29
30
32
28
30
37
26
38
38
24
38
35
45
30
59
58
35
63
67
64
0
6
1
4
13
4
24
24
11
29
11
20
36
36
31
20
41
47
17
51
28
53
29
59
58
60
60
26
63
26
69
31
73
60
30
76
38
79
0
1
2
9
4
14
21
16
12
21
22
11
13
26
15
32
36
34
15
18
42
22
45
48
36
54
56
57
39
59
45
63
47
48
67
43
69
47
0
0
5
0
3
3
11
10
12
20
15
16
23
12
26
49
18
33
34
20
20
38
28
39
33
48
30
55
28
57
33
62
34
66
66
32
68
43
0
1
2
0
9
8
7
5
13
24
14
15
10
23
23
24
19
18
32
26
40
45
41
46
48
28
50
47
40
55
40
61
64
44
65
29
67
45
0
1
4
2
8
7
6
14
6
20
17
22
11
27
29
41
33
14
29
37
19
41
29
45
58
48
48
27
37
56
53
53
52
56
34
62
65
28
0
2
2
5
4
10
19
11
8
15
13
19
13
21
14
24
19
30
29
32
34
45
39
35
45
27
49
28
51
32
56
26
63
32
66
61
67
67
0
3
2
2
3
7
13
10
6
16
12
21
10
16
24
13
29
21
31
33
22
24
37
37
29
39
33
43
49
51
48
49
56
56
39
58
68
61
0
1
2
6
5
12
5
16
19
6
23
16
25
14
33
19
34
38
39
26
23
48
50
48
52
54
36
61
61
42
23
64
71
68
39
39
72
74
0
0
4
4
8
7
9
11
5
17
35
20
12
23
28
15
14
30
31
16
14
38
22
41
15
46
51
51
26
52
58
61
35
66
67
72
49
28
