0
2
0
5
6
1
9
8
16
10
23
14
11
15
20
9
19
19
17
35
25
22
27
27
32
34
37
31
45
38
43
46
32
44
46
47
47
41
0
0
0
0
6
6
4
8
12
9
10
11
13
15
15
20
19
20
17
22
36
20
25
27
26
28
23
31
38
30
32
37
45
37
48
40
62
43
0
1
1
6
2
11
9
12
12
17
19
15
22
17
24
24
23
17
29
29
30
35
17
39
25
40
23
18
46
44
48
62
52
57
57
32
57
47
0
1
4
2
8
8
11
7
12
18
10
24
25
11
29
17
29
14
35
32
32
31
33
31
8
35
49
36
36
32
37
45
54
37
37
37
56
43
0
0
0
4
5
7
8
11
9
12
10
10
14
15
16
14
22
24
24
31
20
25
20
30
30
46
21
31
35
49
36
38
37
22
40
42
20
46
0
1
2
6
4
8
8
9
4
11
13
5
14
20
18
17
22
22
15
24
29
19
31
31
33
33
36
26
38
46
41
36
53
49
51
50
50
44
0
2
3
1
3
8
5
10
18
9
6
11
13
14
21
12
19
10
25
27
39
28
36
29
23
31
35
34
45
35
42
38
55
39
18
43
82
44
0
1
3
1
3
11
4
14
9
15
18
4
18
24
25
8
31
27
34
27
32
30
38
24
42
43
28
43
43
34
34
50
54
38
55
50
58
67
0
4
2
3
8
3
15
16
17
24
15
25
25
15
20
28
28
22
32
28
33
22
46
39
40
49
49
43
45
27
34
50
50
25
44
53
39
55
0
0
1
4
5
6
7
7
8
2
18
13
14
18
18
27
25
27
22
28
30
27
34
41
26
38
38
42
46
55
49
42
52
30
44
55
34
57
0
2
1
6
10
10
5
17
13
20
15
24
27
16
32
21
36
38
39
30
26
44
30
47
41
56
34
60
31
60
27
64
34
70
52
73
60
76
