0
3
0
5
5
8
7
7
5
8
6
18
21
20
16
18
22
22
14
14
25
24
29
46
32
32
33
34
35
38
40
38
60
45
68
49
49
36
0
0
4
1
7
5
10
8
11
12
11
7
18
16
19
20
22
23
30
25
19
25
29
19
30
31
28
32
38
64
37
38
41
43
37
44
26
48
0
5
4
9
1
12
13
14
12
15
15
12
17
13
19
23
14
14
25
26
21
31
40
34
34
36
23
53
39
30
42
32
42
41
47
61
50
42
0
1
3
2
4
9
5
8
12
7
18
9
10
8
14
14
16
21
29
18
19
24
20
30
48
21
26
25
25
64
25
33
33
39
29
29
42
32
0
0
4
3
3
1
3
6
5
7
7
15
11
15
5
19
18
19
24
14
25
26
42
31
31
18
39
34
32
39
41
36
43
47
45
46
72
43
0
2
4
1
1
5
6
8
9
9
10
23
9
14
13
12
16
16
26
17
24
37
27
27
28
19
28
36
33
18
36
30
24
42
30
48
48
49
0
3
4
4
5
7
7
7
9
15
17
15
17
21
19
20
20
24
23
25
20
28
19
30
40
32
26
36
25
38
27
42
61
43
72
45
19
49
0
2
4
1
4
6
6
8
7
9
11
27
10
14
14
21
17
17
20
31
26
22
27
38
28
30
36
30
30
34
36
35
35
31
37
35
40
36
0
1
3
1
4
8
8
7
11
11
5
16
16
13
31
16
16
35
17
25
18
26
24
23
25
23
29
29
30
69
31
34
35
76
52
37
78
40
0
1
7
3
6
5
7
7
7
25
7
11
13
15
17
17
21
14
21
23
23
24
26
29
32
31
40
34
35
42
37
30
40
51
48
41
73
43
0
1
1
2
3
7
19
8
15
10
23
13
16
12
21
13
20
24
25
20
22
32
32
33
25
37
29
38
36
42
74
43
37
45
46
47
38
47
