0
2
2
3
4
6
7
3
8
5
14
19
14
11
16
17
19
20
21
24
27
25
32
29
41
23
42
37
37
29
55
43
43
40
46
51
27
51
0
2
0
2
3
7
8
11
8
8
9
13
12
14
18
18
28
20
22
19
23
25
32
25
47
27
28
27
31
32
34
40
37
29
40
51
42
58
0
4
3
4
6
3
12
12
16
5
21
21
7
24
14
11
25
27
21
41
31
32
36
27
39
30
40
44
32
46
31
52
40
54
47
57
57
58
0
2
4
4
9
11
10
12
14
2
22
18
12
26
25
29
23
30
30
28
24
33
30
33
34
35
36
29
30
36
17
37
37
37
57
42
38
41
0
3
4
3
4
5
3
8
6
9
3
10
9
10
15
18
21
26
21
24
25
24
28
32
32
31
31
24
31
34
54
36
54
39
48
45
42
42
0
3
4
4
6
9
8
8
10
13
9
13
16
17
23
18
21
13
28
28
32
29
25
32
19
33
23
38
32
38
20
45
48
53
49
44
52
51
0
2
3
3
4
4
11
6
6
21
9
6
20
13
13
18
30
24
20
43
28
32
29
28
31
18
33
52
34
35
37
58
38
25
42
36
43
61
0
2
4
3
7
9
11
10
14
10
16
20
22
20
20
28
20
31
26
34
36
38
35
38
10
48
43
23
25
44
49
21
48
55
45
55
22
60
0
3
4
4
10
8
10
17
6
11
24
26
15
28
28
31
16
28
39
32
27
35
39
38
26
40
43
27
27
48
49
64
60
50
50
51
54
38
0
2
2
1
5
12
9
8
13
10
12
14
15
18
15
25
23
25
27
31
20
31
19
35
37
41
38
45
29
46
29
51
41
54
54
63
56
63
0
0
5
4
7
2
13
13
18
12
23
20
22
30
17
32
34
13
14
41
43
25
45
33
54
19
56
56
60
58
62
43
67
44
70
39
75
45
