0
1
1
2
4
5
6
9
8
18
18
9
18
16
21
21
27
21
25
25
31
25
54
30
27
25
30
36
36
39
21
40
42
34
47
41
58
52
0
0
1
2
3
5
7
6
10
10
24
18
12
19
11
20
18
20
24
28
26
28
15
29
26
27
31
48
32
35
49
35
42
61
44
50
47
51
0
0
7
6
9
8
14
6
15
8
14
15
23
18
12
29
23
23
26
18
28
30
32
23
35
34
36
39
36
41
42
42
42
43
42
48
44
50
0
0
9
3
6
4
7
5
7
8
7
10
13
11
17
16
17
16
16
26
22
19
26
21
21
40
21
34
41
25
48
25
28
29
32
35
30
47
0
1
3
2
6
3
7
3
5
7
23
9
14
19
15
15
16
23
25
24
26
20
31
21
17
31
33
37
34
38
19
42
29
45
26
40
48
49
0
0
1
1
1
5
6
8
9
6
12
10
10
13
11
13
19
27
18
19
23
24
19
14
41
28
31
30
33
33
70
37
41
34
42
37
54
49
0
3
5
5
7
5
7
9
9
17
15
21
16
17
17
20
12
23
25
9
27
23
30
40
32
52
32
30
36
31
39
37
42
57
44
48
46
42
0
3
2
4
5
4
6
8
8
16
8
13
13
16
15
16
18
17
21
20
22
27
18
27
44
32
30
24
38
32
33
55
32
35
53
37
63
40
0
2
1
1
7
4
24
11
18
21
11
15
14
16
16
17
15
16
21
17
38
20
21
29
22
25
26
43
50
31
32
31
28
35
35
28
38
52
0
2
2
3
4
8
7
7
7
8
9
20
14
15
28
18
28
21
22
24
21
26
36
29
29
22
31
30
29
35
59
39
45
40
40
40
42
44
0
0
2
1
3
4
8
5
9
11
13
7
10
17
16
21
22
20
47
28
29
21
33
39
34
64
37
30
40
33
43
36
43
35
45
59
47
63
