0
0
1
3
2
7
7
8
11
17
12
14
13
8
17
13
13
22
28
20
30
22
23
28
34
25
25
24
31
34
45
38
50
40
41
55
63
41
0
1
4
3
6
8
8
13
6
16
10
13
15
18
10
20
24
21
23
25
29
27
23
31
31
27
38
34
45
28
37
37
44
43
47
49
45
50
0
2
5
7
5
9
9
18
10
12
11
15
16
18
19
19
12
12
23
26
26
29
31
33
27
35
24
53
38
40
36
40
52
44
41
44
25
46
0
1
7
3
5
10
10
11
8
13
6
19
3
24
29
27
10
28
30
19
31
36
43
39
29
41
46
38
47
46
51
36
52
53
34
53
56
71
0
0
2
2
6
3
9
3
13
8
14
8
16
13
20
20
22
21
26
28
36
23
30
19
32
32
37
21
43
43
18
46
52
42
45
55
56
57
0
0
1
6
7
3
9
13
12
11
9
15
16
18
12
20
21
22
24
28
30
26
32
28
36
33
39
18
33
44
31
44
35
49
49
54
24
57
0
3
2
3
4
10
2
11
12
22
16
23
17
13
22
24
26
33
29
29
15
37
17
42
31
43
23
15
45
24
49
51
49
56
26
58
59
60
0
0
2
3
9
7
9
8
13
9
18
18
11
11
23
12
24
12
7
18
18
38
22
22
47
22
50
43
25
18
21
27
28
48
28
44
32
37
0
2
4
10
7
8
10
20
12
13
14
14
25
27
20
16
14
22
17
19
22
24
18
36
28
47
28
29
29
39
36
62
37
51
39
62
44
42
0
0
2
3
5
7
6
6
9
16
13
12
13
10
17
18
18
30
23
23
36
24
26
25
34
26
22
28
46
31
60
33
36
44
36
39
41
41
0
0
2
6
3
7
7
7
12
12
15
15
15
12
16
36
14
23
24
26
26
25
31
32
36
36
51
36
34
40
47
42
37
57
44
48
43
49
0
0
3
1
6
7
9
10
11
9
14
12
22
23
23
21
27
27
34
23
36
39
38
33
31
42
31
42
44
48
47
47
33
35
51
65
42
60
0
3
3
3
5
6
6
9
10
12
15
15
21
14
16
26
18
34
35
28
33
46
48
27
53
30
58
21
59
39
65
31
70
51
74
43
79
46
