0
1
2
4
9
6
10
7
6
8
10
21
15
16
20
17
17
21
45
20
20
23
23
31
32
26
26
44
27
29
39
30
39
31
32
43
28
36
0
4
6
6
12
13
12
7
12
9
14
26
16
17
24
20
20
16
22
22
27
23
27
25
25
30
20
31
19
30
35
38
35
57
37
37
47
40
0
3
7
9
8
13
9
3
9
17
15
21
17
24
13
26
30
18
28
30
24
33
26
36
28
37
50
26
41
42
37
42
42
47
44
49
70
50
0
4
5
3
16
6
6
8
14
8
6
12
17
17
14
17
22
19
20
20
20
25
17
29
27
32
33
32
33
32
37
38
38
39
41
43
42
42
0
0
1
1
3
8
5
7
7
5
10
11
12
15
16
16
18
16
20
23
14
20
26
31
27
21
36
39
37
37
58
38
27
37
42
44
46
48
0
2
1
3
5
9
5
5
8
12
16
12
13
15
22
14
16
14
11
18
20
12
22
26
26
31
28
63
28
31
36
31
26
33
42
35
55
37
0
1
1
3
5
8
4
9
15
5
12
14
13
17
18
18
23
17
19
19
31
22
43
23
43
25
31
55
25
47
27
27
29
30
60
32
42
37
0
1
3
4
11
5
7
6
11
8
14
15
12
12
29
13
17
16
38
19
19
23
22
22
24
24
33
30
25
49
54
30
33
33
33
51
38
53
0
5
1
4
4
17
6
8
10
24
14
14
16
16
21
19
37
38
23
24
26
26
29
19
26
25
25
32
32
55
33
29
35
28
36
44
33
39
0
3
2
4
6
4
7
8
9
7
9
13
13
15
15
15
20
15
17
19
26
22
28
25
36
25
46
28
35
32
45
36
37
48
40
54
45
70
0
0
0
2
15
4
5
10
10
11
21
14
14
17
16
20
37
18
19
35
22
30
22
29
23
31
30
32
31
37
41
39
55
31
45
45
44
48
0
5
7
6
10
10
13
6
16
15
19
10
25
25
25
17
27
27
23
27
30
22
33
26
59
36
26
37
40
26
43
43
64
64
44
37
67
47
0
1
2
0
3
4
4
5
9
14
10
15
11
11
16
14
47
17
19
18
15
22
22
31
22
63
26
48
27
37
29
49
30
26
34
34
37
31
