0
3
3
3
3
14
7
3
10
11
19
12
16
13
13
11
23
17
20
35
21
24
33
23
23
34
30
29
30
35
36
46
39
44
36
41
41
51
0
0
9
6
5
6
11
8
9
9
8
14
11
18
18
18
22
22
24
35
26
37
27
34
25
34
34
37
35
35
27
40
35
46
51
35
50
55
0
2
2
2
7
12
9
9
9
3
13
14
18
10
18
34
22
23
23
19
28
22
32
21
33
51
37
38
21
42
40
55
40
36
44
49
45
54
0
1
1
6
7
8
11
14
13
9
19
19
20
11
25
25
27
27
22
32
35
34
39
28
40
26
30
46
17
48
35
52
43
12
56
56
38
60
0
3
1
2
6
6
3
9
8
13
5
14
16
19
24
19
21
7
25
31
28
29
31
30
20
32
27
37
36
17
46
37
51
54
55
41
66
58
0
5
5
5
5
7
7
12
4
14
15
9
14
19
20
17
15
27
28
33
15
30
33
32
33
38
27
41
41
44
44
26
49
41
53
33
57
48
0
2
2
2
5
4
10
6
14
16
19
17
6
20
7
16
27
28
31
30
35
20
39
34
42
38
44
45
34
49
57
65
53
61
56
41
60
39
0
2
3
7
6
7
7
13
8
19
10
11
8
16
12
27
12
23
14
30
30
19
24
10
22
25
23
23
40
26
26
39
47
28
20
31
57
32
0
2
3
5
7
7
11
10
11
13
21
12
15
15
16
33
17
17
15
23
35
22
26
28
44
28
28
44
24
34
64
37
33
37
48
41
41
41
0
0
6
4
5
6
13
7
14
11
11
5
16
13
17
17
20
20
22
23
24
33
25
31
26
40
28
24
29
38
33
32
57
36
49
36
54
41
0
1
0
4
5
8
7
8
9
15
12
13
21
16
20
18
18
20
33
25
43
29
31
19
35
44
36
34
37
27
41
63
42
43
38
37
48
41
0
1
3
6
8
7
18
9
17
11
6
19
11
13
23
26
29
20
33
34
25
37
19
40
41
40
42
36
36
46
56
58
48
48
37
52
57
48
0
0
4
4
2
7
9
13
3
12
10
19
14
24
26
14
30
29
23
41
42
19
33
50
29
55
38
58
48
62
27
70
46
73
48
74
50
83
