0
2
2
3
4
5
6
11
7
8
12
12
16
15
15
25
25
17
19
15
22
18
31
23
25
26
51
27
50
27
30
38
31
62
50
33
36
52
0
0
3
9
2
12
9
13
14
14
7
16
7
14
17
20
21
22
29
18
23
23
24
32
52
28
28
40
32
33
48
35
47
35
48
65
38
45
0
1
2
4
9
14
13
15
15
17
20
16
22
28
24
13
28
28
16
16
31
27
34
23
36
22
38
39
50
41
42
41
42
48
47
40
50
48
0
1
3
6
6
4
7
6
8
10
10
22
16
15
17
14
18
19
45
20
22
19
28
26
31
38
35
33
47
36
38
38
45
62
40
42
30
46
0
1
2
1
0
3
5
5
13
7
11
10
15
14
15
9
16
35
20
14
23
23
29
26
42
28
33
36
21
33
38
33
40
41
44
41
23
47
0
1
1
3
2
5
4
8
9
11
11
16
7
14
14
13
15
16
18
13
35
20
12
22
19
26
30
29
29
30
31
38
33
44
34
59
36
41
0
1
1
1
4
6
8
7
12
12
11
13
17
16
23
26
18
18
30
18
21
27
23
24
23
22
25
25
36
26
31
14
29
37
32
42
35
48
0
1
4
5
5
6
5
9
8
14
10
12
21
22
13
17
16
20
18
26
22
22
26
41
24
38
24
24
30
28
30
46
25
33
55
35
40
39
0
1
5
3
3
4
8
8
18
13
12
8
14
17
18
19
23
23
43
15
20
42
26
26
29
27
30
32
66
33
31
35
54
35
57
39
39
79
0
0
4
4
4
7
4
8
11
10
12
27
21
13
14
32
16
16
23
29
19
18
23
30
25
27
28
43
29
38
33
68
37
37
39
43
36
47
0
2
1
1
2
3
4
4
10
6
13
14
23
15
14
16
18
35
27
20
29
23
28
60
29
27
32
29
37
73
37
36
42
43
42
43
46
64
0
0
1
7
4
12
10
13
11
16
14
24
10
24
25
25
13
22
28
29
28
32
43
33
36
25
36
29
51
43
41
32
44
44
51
44
46
47
0
1
0
2
4
3
4
5
8
9
17
10
9
11
12
23
15
15
16
19
21
41
27
22
39
24
30
26
19
28
79
30
34
31
48
34
39
38
