0
1
3
7
9
8
11
13
11
4
14
13
20
21
23
21
25
25
31
22
37
23
42
42
44
31
43
50
45
51
46
52
55
25
59
50
62
24
0
1
1
7
8
4
12
12
20
13
22
13
20
20
28
30
28
34
17
40
42
42
38
19
32
49
50
54
31
61
36
66
65
70
35
53
73
35
0
2
2
4
5
4
8
7
9
21
10
21
13
16
18
20
19
20
35
23
19
27
28
31
30
29
30
38
27
43
37
39
48
41
43
45
48
39
0
1
1
5
5
5
10
11
13
5
14
16
17
20
20
21
19
24
31
31
26
27
35
33
32
43
35
36
37
25
40
43
45
36
33
53
49
37
0
1
1
2
6
7
9
14
16
22
10
24
15
28
26
32
35
20
21
41
34
45
47
28
47
36
49
59
53
49
33
59
61
52
67
60
69
25
