0
2
1
3
7
5
9
14
11
19
14
10
24
19
21
15
24
17
27
32
28
34
29
20
29
26
30
33
34
35
32
35
36
63
37
33
38
67
0
2
0
3
4
2
5
4
8
4
8
11
16
15
13
16
16
17
37
18
20
20
17
57
45
23
25
25
66
27
33
31
31
32
48
46
32
61
0
2
1
3
2
4
9
6
7
7
8
6
24
12
12
15
13
28
19
22
38
22
22
30
23
36
25
33
76
33
32
33
42
59
34
36
37
59
0
0
2
4
5
8
10
11
13
20
13
14
14
14
14
15
21
15
16
29
20
20
26
20
12
26
25
22
26
61
28
29
29
47
66
26
33
62
0
2
5
4
8
6
10
7
7
8
11
10
16
11
24
14
14
36
23
16
29
20
20
52
22
27
22
35
24
38
20
28
32
37
34
26
36
79
