0
2
2
4
8
1
9
11
11
11
8
18
19
18
24
24
9
27
27
36
25
39
31
44
13
46
48
23
50
28
52
46
43
56
44
60
51
63
0
2
2
3
5
12
7
13
10
20
19
24
25
25
17
14
31
20
37
38
22
19
46
48
48
40
40
39
59
51
64
35
66
38
70
72
69
75
0
2
3
4
5
7
7
9
5
10
4
14
15
10
19
19
22
20
23
23
25
35
31
29
36
30
44
31
35
37
40
45
39
43
74
53
41
51
0
0
0
3
9
7
11
9
12
13
19
15
15
21
21
13
23
24
25
26
29
25
30
23
34
34
34
35
44
37
38
22
43
45
45
48
53
51
0
0
1
4
3
8
12
11
20
13
23
21
27
15
29
11
31
36
39
23
44
15
21
47
28
49
43
53
30
54
58
34
45
64
44
67
61
73
