0
3
3
2
5
8
4
10
7
14
19
17
17
13
14
22
24
26
31
28
27
28
29
29
44
31
32
24
34
29
35
22
30
36
50
37
40
39
0
1
1
1
4
5
13
5
8
8
9
8
10
10
24
22
17
41
17
26
42
46
20
22
22
25
32
39
26
25
31
32
31
34
32
32
35
34
0
0
6
1
3
5
6
10
8
7
11
9
9
27
20
13
17
14
16
44
22
17
14
22
25
25
19
29
30
30
32
36
33
34
34
36
60
38
0
1
1
3
3
7
9
11
13
13
5
13
19
23
15
34
15
15
18
18
19
32
20
46
21
23
30
25
24
26
34
42
42
31
32
33
55
33
0
1
4
2
5
11
7
6
8
13
8
9
10
12
11
24
18
14
14
25
17
45
33
20
52
22
24
24
44
26
26
57
33
33
39
36
46
36
