114
104
106
116
92
112
110
115
117
93
107
96
94
94
96
68
94
100
107
85
84
99
103
114
120
125
99
110
84
109
90
102
105
114
111
99
97
117
101
111
108
95
102
110
105
119
86
142
93
113
113
95
117
107
109
84
90
86
114
100
130
96
111
110
105
107
99
91
97
90
100
97
92
95
99
104
82
123
114
126
103
86
117
91
104
93
86
100
106
109
104
117
107
104
94
105
126
99
85
103
116
78
114
114
90
106
117
107
114
91
94
110
95
117
112
113
98
104
103
89
113
107
110
105
102
94
97
104
93
110
104
105
110
110
99
108
98
107
118
92
98
93
104
107
109
113
90
87
122
107
117
117
99
90
94
99
114
91
94
98
86
103
112
113
107
117
133
111
85
92
114
115
123
102
107
109
106
103
93
89
119
108
96
124
115
94
109
111
117
106
107
108
127
118
114
98
121
123
111
108
98
112
106
101
100
123
114
142
105
103
121
111
123
113
112
118
137
101
120
108
117
91
122
120
111
131
161
123
113
104
112
128
132
120
91
105
117
129
130
98
136
111
130
113
107
134
117
103
103
97
97
108
93
109
113
125
112
101
101
127
103
116
113
102
104
111
104
118
122
121
102
100
96
120
106
112
118
86
81
101
106
116
115
115
101
86
123
121
103
117
102
111
152
114
127
100
115
127
107
140
126
105
129
111
112
120
141
129
88
112
101
143
131
124
122
128
141
114
91
108
94
105
112
92
106
108
123
116
115
108
128
116
99
116
91
132
117
114
113
112
122
109
123
111
127
109
99
94
115
121
121
100
119
116
99
110
108
124
102
110
134
126
117
123
113
120
105
108
109
129
112
127
118
111
86
83
104
108
123
135
126
125
120
116
124
113
95
122
102
111
94
118
108
98
117
113
98
96
120
129
110
115
113
124
132
90
114
96
127
121
105
126
111
115
98
98
87
118
117
121
131
108
118
93
91
118
108
121
134
110
113
121
108
129
100
124
114
94
133
121
95
124
130
108
127
98
130
117
110
115
112
131
122
106
120
112
117
101
121
132
136
131
122
108
118
109
130
117
108
109
118
136
115
109
112
124
117
119
104
109
121
101
124
102
115
122
98
101
125
117
114
89
116
123
103
124
125
126
108
130
114
107
121
141
120
114
112
105
113
114
121
130
139
118
100
137
113
125
132
115
108
107
116
125
138
101
136
129
116
129
109
128
122
114
125
115
127
118
129
124
143
119
120
107
132
123
134
131
114