16
16
18
15
19
15
20
18
17
21
14
16
9
19
19
15
13
17
14
21
15
16
19
15
17
16
16
26
19
15
14
21
15
13
19
22
17
16
11
16
13
16
12
16
15
10
14
16
20
19
21
15
16
22
12
17
19
16
18
12
13
16
22
12
12
18
13
10
15
10
17
14
17
13
12
11
19
17
14
13
12
18
20
18
18
15
12
16
15
7
16
16
25
10
17
14
12
13
19
9
17
13
14
19
22
13
12
14
17
22
9
10
14
10
13
15
18
9
13
19
16
16
17
14
15
11
14
14
15
12
14
15
17
11
11
9
11
19
15
12
13
9
15
12
21
14
12
10
18
11
12
10
22
12
9
9
8
15
12
18
17
13
17
15
17
22
20
14
18
15
10
16
10
9
10
8
14
13
15
11
11
11
14
18
16
20
16
17
7
14
20
12
16
9
13
11
13
20
17
17
14
14
10
20
9
23
18
17
17
13
11
16
16
19
17
8
14
18
13
13
11
14
18
12
12
15
16
15
11
13
14
14
17
16
7
14
18
13
16
15
12
23
14
10
15
12
16
26
17
19
20
14
23
9
17
16
7
15
9
15
18
11
9
15
18
12
15
16
11
12
20
16
11
18
15
13
15
16
11
24
12
17
9
24
12
13
17
22
16
10
14
9
20
15
17
13
9
10
12
16
10
12
18
11
10
20
13
7
28
10
14
11
7
17
9
16
13
14
20
15
19
17
8
15
20
12
12
20
17
18
6
19
17
16
11
16
7
9
11
17
16
18
17
15
12
13
15
10
13
6
8
13
19
5
14
14
12
15
16
8
7
8
9
10
14
11
15
5
10
17
19
18
15
18
11
13
13
11
10
10
13
8
16
13
13
17
7
11
9
12
12
12
17
9
15
18
19
14
16
15
14
15
12
13
11
11
11
9
10
20
9
17
5
12
13
13
17
16
14
15
10
13
17
14
12
11
10
21
15
9
12
14
14
12
7
17
18
12
10
11
13
9
10
13
10
8
16
9
15
10
7
22
12
13
15
16
11
13
12
11
21
14
14
13
9
19
16
13
16
13
10
20
16
13
11
14
13
9
19
18
7
11
13
14
12
12
17
17
18
15
19
18
7
16
9
18
14
10
21
18
11
14
13
14
10
15
12
14
12
10
12
16
12
15
21
12
9
15
16
16
8
9
5
15
16
16
11
8
10
11
13
9
17
12
12
5
12
13
14
8
17
6
11
16
15
6
15
12
12
8
9
11
9
18