0
4
4
5
8
6
14
7
11
16
9
18
11
12
15
14
30
17
14
19
26
26
32
26
32
28
30
34
29
31
33
38
45
35
40
38
58
40
0
4
2
3
3
8
8
6
9
10
8
19
12
25
14
15
25
19
17
25
25
35
27
30
28
25
29
42
31
31
36
36
43
40
36
42
50
46
0
1
3
2
5
3
8
8
9
8
10
11
15
12
23
12
23
22
18
20
18
37
23
31
25
28
27
29
41
27
35
33
38
32
41
42
59
44
0
2
2
4
5
5
10
11
12
14
12
15
15
8
17
32
23
23
23
25
24
14
27
44
27
28
30
32
46
34
42
36
24
33
40
56
41
35
0
0
1
3
0
6
11
7
7
13
12
12
13
16
14
17
18
19
22
13
32
24
39
26
29
29
33
27
35
37
39
51
40
48
37
43
37
50
0
2
3
4
4
2
8
9
14
5
16
8
21
17
22
22
14
19
26
15
29
27
30
11
32
28
35
45
35
37
46
41
49
45
47
41
50
67
0
2
3
2
3
9
3
9
12
6
13
9
9
16
15
10
15
15
10
21
23
17
25
31
28
38
31
33
23
20
26
36
45
37
38
39
50
39
0
2
3
4
4
6
8
7
2
13
22
14
14
14
10
13
19
19
21
25
36
44
28
29
31
42
34
34
42
37
48
40
48
44
52
45
49
49
0
2
1
5
6
6
8
13
10
15
12
16
14
10
11
16
17
20
20
22
35
23
23
23
24
15
42
27
33
31
36
31
35
42
59
44
47
58
0
3
4
3
7
3
8
6
8
8
9
19
11
17
30
14
14
19
14
25
37
23
18
18
20
50
22
24
47
46
25
32
44
35
35
43
35
55
0
0
2
6
7
9
10
2
12
12
13
23
13
18
15
24
26
22
30
34
22
38
16
39
39
26
43
42
46
46
51
46
53
42
55
57
58
43
0
2
1
1
1
4
7
5
10
11
15
15
17
12
18
13
24
23
23
22
24
27
37
31
19
34
34
36
35
34
43
43
48
41
67
50
40
51
0
0
4
2
5
4
10
10
17
14
14
17
11
22
22
12
23
24
25
33
39
38
42
41
46
36
50
24
53
44
39
56
47
60
45
63
37
67
0
1
0
4
6
4
8
5
10
12
13
12
24
14
16
19
21
27
24
25
18
27
29
32
33
36
36
39
22
43
42
70
48
44
53
45
54
58
0
2
1
1
6
4
7
9
12
13
16
5
17
18
24
19
17
21
27
30
22
27
25
20
32
33
36
34
38
37
39
54
42
45
43
42
50
53
0
0
1
8
5
6
9
10
13
11
17
9
20
14
27
13
30
21
32
34
19
25
38
38
46
36
46
35
51
24
55
41
50
62
34
69
64
72
