0
4
2
4
3
7
12
11
8
16
14
17
16
17
17
19
18
23
46
23
39
24
34
27
29
28
31
42
47
34
31
35
36
40
34
43
34
46
0
5
4
3
7
7
7
13
8
10
17
11
18
7
18
19
14
23
26
30
26
15
29
25
31
45
32
29
34
58
35
35
61
38
48
39
42
43
0
0
1
1
6
3
7
6
11
6
6
7
16
10
13
10
25
11
17
17
22
23
19
30
22
31
30
31
25
47
31
66
34
60
38
39
21
41
0
1
1
3
4
6
7
5
8
12
8
9
9
10
11
11
14
16
28
20
21
40
21
19
28
25
32
32
39
36
41
39
58
45
44
44
47
62
0
2
3
2
4
7
4
8
8
8
13
15
17
12
20
24
12
22
22
30
19
23
19
26
27
55
29
31
41
34
34
30
38
39
43
42
42
44
0
2
2
3
4
4
4
6
8
8
9
9
10
17
14
14
25
9
20
27
23
26
25
48
26
22
32
18
32
33
38
34
28
25
37
41
39
25
0
3
2
5
6
4
8
4
8
11
10
14
15
10
10
16
19
19
38
21
22
37
23
12
26
17
28
28
51
44
38
30
30
32
43
36
30
41
0
1
3
7
5
8
11
9
7
14
5
18
21
21
29
25
27
24
29
33
41
29
40
30
43
27
48
48
25
52
26
52
30
56
39
67
32
69
0
4
3
6
8
5
12
9
12
9
19
11
19
25
12
22
18
29
29
32
14
35
35
25
38
44
23
42
33
43
43
44
37
48
37
51
52
40
0
3
1
6
1
8
15
16
13
13
14
14
15
23
16
25
26
15
29
36
28
55
29
31
56
25
39
41
23
40
42
43
52
48
48
35
50
40
0
3
1
4
6
6
8
23
9
10
9
17
24
15
28
17
20
25
20
20
21
23
33
25
25
25
28
34
31
31
37
48
40
39
43
34
45
59
0
1
2
3
3
6
4
9
5
11
14
16
16
29
16
18
31
19
19
17
20
23
22
28
63
29
29
32
31
49
34
29
35
42
39
36
63
37
0
1
1
10
4
7
6
6
6
7
26
10
18
16
11
14
12
15
30
18
15
27
17
28
20
28
25
50
26
21
57
31
43
36
38
36
71
45
0
3
1
1
5
12
9
6
12
9
9
11
8
13
16
22
16
11
23
18
39
20
24
26
24
27
27
20
52
29
33
30
35
50
36
36
39
39
0
0
2
3
7
4
12
4
4
11
5
23
6
7
14
10
29
11
16
20
11
29
11
52
12
28
13
24
15
33
19
31
20
23
41
42
30
27
0
1
1
4
4
3
6
7
8
10
9
26
10
12
12
27
13
25
15
15
23
38
18
18
28
32
20
46
22
51
22
45
38
22
44
25
38
27
