0
1
5
6
5
10
6
9
8
9
19
9
24
29
13
17
14
25
18
27
22
16
26
43
27
43
27
30
30
49
31
31
34
46
35
49
38
50
0
1
6
2
9
3
3
10
6
6
14
11
8
12
27
17
18
30
19
22
22
25
28
28
23
28
35
29
37
34
49
48
39
39
40
59
43
35
0
2
2
6
3
7
6
10
9
9
7
13
11
21
12
13
13
16
15
28
20
23
21
23
24
27
34
34
32
34
30
37
54
40
45
44
42
56
0
2
1
2
5
5
6
11
5
12
12
13
16
17
9
21
25
37
23
23
21
25
38
27
33
28
39
52
32
37
35
48
36
40
42
41
40
42
0
1
5
1
4
9
6
12
7
9
9
12
14
14
14
16
17
22
8
23
24
34
26
13
40
30
38
33
34
37
48
39
51
40
42
39
43
40
0
0
4
3
3
4
0
11
12
14
8
16
24
21
14
13
23
24
25
26
29
29
18
32
40
33
37
35
31
37
37
23
46
46
43
50
22
54
0
1
2
4
6
3
3
4
4
11
9
10
13
9
9
12
20
17
18
25
35
25
15
25
32
28
34
41
34
35
35
45
36
39
39
39
39
50
0
1
2
3
2
4
12
8
8
16
13
18
23
13
14
14
31
20
10
34
26
27
16
28
42
31
53
18
36
31
39
15
44
68
44
29
47
48
0
3
5
5
5
7
3
10
9
10
18
14
12
16
16
22
16
25
20
36
22
30
34
24
38
24
25
36
29
21
20
39
39
49
44
31
54
48
0
2
3
3
3
8
6
6
15
15
17
9
22
12
14
13
22
14
20
17
18
18
26
24
18
19
33
57
24
25
28
56
34
60
70
35
42
38
0
3
6
6
8
8
5
12
7
13
11
14
16
18
20
19
24
28
15
15
37
26
39
37
21
40
49
45
37
47
39
53
56
53
64
55
39
59
0
0
0
3
1
6
4
5
5
10
13
15
16
17
34
19
21
28
21
23
26
37
29
30
33
50
56
34
39
38
33
43
28
48
48
47
50
66
0
1
3
5
14
9
8
9
13
9
14
10
17
22
26
23
20
17
24
32
24
39
30
44
27
49
29
52
54
53
56
35
58
35
63
53
65
71
0
0
1
4
5
6
7
8
10
8
12
12
14
10
26
18
20
23
24
32
25
26
29
24
34
44
38
37
38
38
34
46
39
49
51
53
37
51
0
0
0
4
1
7
7
16
18
14
14
16
20
22
18
20
20
19
22
22
33
23
25
30
34
34
42
36
39
38
27
39
45
34
45
48
30
56
0
0
3
3
5
8
7
12
17
15
8
20
16
24
17
28
31
31
32
38
37
37
30
28
40
40
32
46
31
55
37
57
58
30
64
42
69
36
