0
1
4
4
6
10
7
13
11
13
14
16
17
13
18
22
19
25
23
37
23
54
24
16
28
27
32
31
31
33
34
34
38
42
40
42
43
41
0
1
4
4
2
9
11
12
14
14
18
17
16
18
16
33
21
11
23
24
17
26
28
31
23
31
64
32
36
34
38
34
37
32
38
24
39
65
0
2
0
3
1
5
3
2
6
6
13
18
7
10
10
31
14
15
32
24
17
19
30
21
27
27
28
36
31
31
32
33
35
36
58
45
39
55
0
1
6
1
8
4
16
7
8
8
15
9
11
10
25
11
23
17
16
16
30
21
31
21
36
30
31
24
36
40
38
34
39
44
40
46
40
48
0
1
3
3
3
5
7
5
22
10
13
13
19
19
17
20
21
29
37
22
22
21
23
34
31
28
29
29
31
31
41
37
34
38
41
42
42
50
0
2
1
2
8
4
10
6
7
8
11
9
11
10
12
17
15
16
20
20
19
23
31
26
30
27
32
32
34
24
33
48
34
34
39
39
49
40
0
1
3
5
3
6
11
9
9
9
12
16
16
15
15
19
11
21
21
23
15
23
49
23
28
26
39
29
29
29
29
37
30
36
36
28
36
45
0
3
1
5
4
7
10
11
12
9
14
12
12
17
21
25
15
28
25
19
35
37
37
40
23
43
30
54
51
42
52
64
52
16
62
50
69
40
0
1
6
3
4
10
12
12
11
16
12
19
23
20
22
20
22
18
29
28
32
22
22
37
27
40
40
43
42
49
52
45
45
39
50
35
26
53
0
5
5
2
6
4
10
10
8
12
13
14
12
20
22
34
22
26
47
29
29
29
26
44
31
32
28
27
41
42
70
36
46
28
32
50
69
52
0
0
3
2
5
6
6
9
7
9
12
10
13
15
15
17
17
19
25
33
23
21
24
19
51
27
38
30
38
35
40
39
38
40
49
43
69
47
0
0
0
3
3
4
6
23
9
12
13
23
12
16
19
18
18
18
36
19
22
23
26
34
29
23
37
29
57
31
36
34
78
35
35
41
36
50
0
0
2
2
5
5
11
13
6
6
8
20
10
10
10
12
22
36
15
15
29
15
31
19
37
23
50
26
34
26
31
27
32
75
36
33
44
45
0
2
3
4
3
6
6
9
9
8
9
12
13
16
12
16
15
17
17
15
19
51
22
35
27
19
32
27
31
32
48
34
23
35
47
36
96
52
0
1
1
6
4
16
4
13
6
4
19
5
8
18
8
14
10
22
11
11
19
11
39
11
21
12
31
13
23
15
52
19
50
65
24
26
48
31
0
1
4
2
8
6
4
8
12
8
16
10
20
10
20
13
18
14
20
19
16
17
22
36
18
20
27
20
52
22
28
22
22
39
23
36
25
61
