0
0
3
6
0
10
10
5
9
3
2
7
4
10
8
8
8
5
8
5
2
9
3
15
4
6
5
1
5
7
5
4
7
2
7
10
15
4
0
0
3
6
8
6
4
7
1
3
2
1
5
13
5
5
3
3
10
6
5
4
6
6
4
2
5
15
5
5
5
4
10
9
12
9
8
4
0
3
1
3
1
5
1
6
7
8
3
4
5
5
10
10
11
10
5
12
5
3
7
8
10
3
8
12
2
8
3
7
4
3
10
7
13
5
0
3
3
4
5
9
4
9
4
6
11
10
8
10
6
5
2
7
1
6
1
1
13
7
5
13
5
13
10
3
10
4
9
7
12
11
8
7
0
0
1
4
4
8
4
13
13
4
7
11
9
13
6
10
8
8
13
6
4
7
6
7
9
8
13
1
6
15
6
3
10
1
5
4
4
6
0
3
3
1
3
8
7
10
13
10
7
9
7
5
10
4
6
6
9
12
11
12
6
10
7
5
6
8
6
7
7
6
11
6
2
7
5
11
0
0
0
1
6
3
4
3
5
5
8
3
1
13
6
1
8
4
9
6
1
7
6
1
5
7
5
10
3
3
7
4
1
4
4
7
9
10
0
3
0
4
9
4
1
6
4
3
4
7
12
6
9
10
12
6
9
12
6
13
3
2
1
8
5
10
4
6
5
7
4
1
5
3
0
4
0
0
3
0
7
4
9
8
8
9
7
9
4
1
7
4
6
2
11
5
2
4
0
4
5
2
5
5
5
5
7
10
6
3
3
5
4
5
0
1
4
5
5
11
6
10
6
4
7
8
8
10
8
11
9
10
6
7
7
6
6
10
3
1
5
6
8
10
10
8
7
9
9
3
6
12
0
3
3
9
2
3
12
0
4
3
4
6
9
3
5
3
3
2
5
4
7
6
4
8
1
4
4
2
10
9
6
9
3
7
7
7
10
6
