0.0
-2.0
0.0
2.0
-1.5
1.4
1.4
-0.1428571428571428
0.0
0.4444444444444444
0.0
0.0909090909090909
0.0
0.1538461538461538
0.0666666666666666
0.0666666666666666
-0.0625
-0.0555555555555555
0.4736842105263157
-1.1
-0.3809523809523809
0.5909090909090909
-0.3478260869565217
0.9583333333333334
-0.48
-0.4615384615384615
-0.4444444444444444
-0.1428571428571428
-0.4137931034482758
-0.7666666666666667
-0.4838709677419355
-0.03125
-0.3939393939393939
-0.3939393939393939
-0.1142857142857142
-0.3333333333333333
1.108108108108108
-0.4473684210526316
0.0
-0.5
-0.25
-0.4
0.8
-0.5
-0.5714285714285714
-0.5
-0.8
-0.9090909090909092
-0.7272727272727273
-0.8461538461538461
-0.5714285714285714
0.8
-0.625
0.1764705882352941
-0.2777777777777778
-0.6842105263157895
0.2
-0.5714285714285714
-0.6363636363636364
-0.1818181818181818
-0.6086956521739131
-0.5833333333333334
0.0
-0.48
-0.5185185185185185
0.7037037037037037
-0.4827586206896552
-0.5333333333333333
0.0
-0.28125
-0.3333333333333333
-0.5588235294117647
-0.3142857142857143
0.9722222222222222
-0.2972972972972973
0.131578947368421
0.0
2.0
-1.3333333333333333
0.3333333333333333
-1.2
-1.0
-2.2857142857142856
-0.75
-0.6666666666666666
0.3
-1.0
0.25
-0.7692307692307693
-0.1428571428571428
-0.4
-0.4375
1.1176470588235294
-0.3333333333333333
-0.1666666666666666
1.263157894736842
-0.4285714285714285
-0.4285714285714285
-0.3043478260869565
0.3333333333333333
-0.24
-0.12
-0.2962962962962963
0.9642857142857144
-0.4137931034482758
0.3666666666666666
-0.3870967741935484
0.09375
-0.4242424242424242
-0.303030303030303
-0.3142857142857143
-0.9722222222222222
-0.1891891891891892
0.1052631578947368
0.0
1.5
0.3333333333333333
0.0
0.0
0.6
-0.2857142857142857
0.375
-0.6666666666666666
0.3
0.3636363636363636
0.4166666666666667
0.3076923076923077
0.2857142857142857
-0.1333333333333333
0.1875
0.1176470588235294
0.1666666666666666
0.0
-0.7
-1.238095238095238
-0.1363636363636363
1.2173913043478262
-0.0416666666666666
0.12
0.0769230769230769
0.2222222222222222
0.1071428571428571
0.0689655172413793
-0.9666666666666668
0.1290322580645161
-0.4375
0.1515151515151515
-0.5151515151515151
0.1764705882352941
1.4857142857142858
0.1081081081081081
0.0
0.0
-1.0
-0.6666666666666666
0.25
-0.4
0.3333333333333333
-0.5
0.5
0.5
-0.7
-0.1
0.5
0.1428571428571428
0.8571428571428571
-0.5333333333333333
0.25
0.4444444444444444
0.2631578947368421
0.85
0.238095238095238
0.1363636363636363
0.2916666666666667
-0.0416666666666666
0.28
-0.037037037037037
0.3214285714285714
0.1785714285714285
-1.1
0.2903225806451613
1.03125
0.25
0.2121212121212121
1.2941176470588236
0.1428571428571428
-0.1714285714285714
0.1891891891891892
-0.2432432432432432
-0.5526315789473685
0.0
1.0
1.0
-0.3333333333333333
-1.0
0.1666666666666666
-0.1666666666666666
0.5
0.5555555555555556
1.4
0.1
0.0833333333333333
0.0769230769230769
0.7857142857142857
1.0666666666666669
0.1333333333333333
-0.5
0.2222222222222222
0.2631578947368421
-0.05
0.5714285714285714
0.3809523809523809
-0.3181818181818182
0.25
-0.96
0.0769230769230769
-0.4074074074074074
0.1428571428571428
-0.1724137931034483
0.0
-0.5333333333333333
-0.0625
0.4545454545454545
0.0
0.088235294117647
-0.0285714285714285
-0.081081081081081
0.0526315789473684
0.0
-1.0
-1.0
-0.3333333333333333
0.5
-0.4
-0.2857142857142857
-0.5714285714285714
-0.1111111111111111
-0.4444444444444444
0.0909090909090909
-0.5833333333333334
-0.8461538461538461
1.1538461538461535
-0.4
-0.9375
-0.4117647058823529
-0.5
-0.3157894736842105
-0.4
-1.6666666666666667
0.0
-0.4347826086956521
-0.7916666666666666
-0.4
0.3461538461538461
-0.3333333333333333
0.9285714285714286
-0.5
-0.5
0.064516129032258
1.09375
-0.5454545454545454
-0.1470588235294117
-0.6
-0.5555555555555556
-0.5405405405405406
-0.4736842105263157
0.0
1.0
-0.6666666666666666
0.25
1.4
-0.3333333333333333
-0.5714285714285714
-0.75
-0.2222222222222222
-0.6
0.6363636363636364
-0.25
0.8461538461538461
-0.2857142857142857
-0.1333333333333333
1.6875
0.0625
-0.3888888888888889
-0.1052631578947368
0.15
-0.25
1.0952380952380951
-0.3478260869565217
-0.2608695652173913
-0.3333333333333333
-0.0384615384615384
-0.3333333333333333
-0.2857142857142857
0.0
-0.4
-0.6774193548387096
-0.3870967741935484
-0.303030303030303
0.1818181818181818
-0.3142857142857143
-0.4722222222222222
-0.6486486486486487
-0.2894736842105263
0.0
-0.5
1.0
-0.75
-0.2
-0.3333333333333333
0.2857142857142857
-0.125
-0.3
1.1
-0.4545454545454545
-0.6923076923076923
-0.7857142857142857
-0.8
0.5
-0.4117647058823529
-0.5555555555555556
-1.1
1.4285714285714286
-0.6666666666666666
-0.9545454545454546
-0.6521739130434783
-0.0833333333333333
-0.68
-0.6538461538461539
-0.7407407407407407
-0.8518518518518519
-0.6785714285714286
-0.6785714285714286
-0.896551724137931
-0.7333333333333333
1.4838709677419355
0.34375
-0.7352941176470589
-0.7428571428571429
-0.9142857142857144
-0.6756756756756757
-0.2105263157894736
0.0
0.0
0.3333333333333333
0.5
-0.2
1.1666666666666667
-0.1428571428571428
-0.125
0.0
-0.5
0.0909090909090909
0.0833333333333333
0.0769230769230769
0.3571428571428571
-0.4
0.375
-0.2352941176470588
0.3333333333333333
-0.2777777777777778
0.2631578947368421
0.35
-0.7142857142857143
0.2272727272727272
0.9583333333333334
-0.72
-0.04
-0.1111111111111111
0.0357142857142857
-0.5357142857142857
0.0666666666666666
0.0666666666666666
-0.4193548387096774
0.9411764705882352
0.1176470588235294
0.1176470588235294
-0.3611111111111111
-0.027027027027027
0.6578947368421053
0.0
2.0
1.0
2.5
-0.6
-0.8
0.7142857142857143
-1.5
0.0
-1.2
-0.5454545454545454
-0.75
-0.0769230769230769
-0.8571428571428571
-0.1333333333333333
-1.0
-1.0
0.1176470588235294
-0.6842105263157895
-0.95
-0.8571428571428571
0.2727272727272727
0.2608695652173913
-0.7916666666666666
-1.12
-0.8461538461538461
-0.925925925925926
-0.6428571428571429
-0.6
-0.7741935483870968
-0.09375
-0.8787878787878788
-0.2647058823529412
-0.8
-0.8
0.5555555555555556
-0.1621621621621621
-0.8157894736842105
