0.0
0.0
1.0
2.0
0.0
2.0
2.0
1.1428571428571428
1.375
1.3333333333333333
1.2
1.2727272727272727
1.2307692307692308
1.3076923076923077
1.3333333333333333
1.3333333333333333
1.125
1.1666666666666667
1.6842105263157894
0.75
1.0476190476190477
1.5
1.0434782608695652
1.875
1.0
1.1923076923076923
1.037037037037037
0.9285714285714286
1.0344827586206895
0.8666666666666667
0.967741935483871
1.3125
1.0909090909090908
0.9696969696969696
1.2857142857142858
1.1111111111111112
2.189189189189189
1.0526315789473684
0.0
0.0
0.75
1.2
1.6
1.0
0.7142857142857143
0.875
0.7
0.7272727272727273
0.7272727272727273
0.7692307692307693
0.8571428571428571
1.7333333333333334
0.8125
1.3529411764705883
0.9444444444444444
0.7894736842105263
1.6
0.9047619047619048
0.8636363636363636
1.0454545454545454
0.8695652173913043
0.875
1.5
1.04
0.8888888888888888
1.962962962962963
0.896551724137931
0.8666666666666667
1.3870967741935485
1.28125
1.0606060606060606
0.9411764705882352
1.0857142857142856
2.0
1.0810810810810811
1.2894736842105263
0.0
1.5
0.3333333333333333
1.0
0.2
0.8333333333333334
0.1428571428571428
0.875
0.8888888888888888
1.6
0.7272727272727273
1.3333333333333333
0.9230769230769232
0.9285714285714286
1.2
1.125
2.235294117647059
1.2222222222222223
0.8888888888888888
2.263157894736842
1.0952380952380951
0.9047619047619048
1.2608695652173914
1.4166666666666667
1.32
0.96
1.2592592592592593
2.071428571428572
1.1724137931034482
1.5
1.1935483870967742
1.375
1.1515151515151516
1.121212121212121
1.2571428571428571
0.8888888888888888
1.351351351351351
1.2894736842105263
0.0
1.5
1.0
1.0
1.0
1.8
0.7142857142857143
1.5
0.5555555555555556
1.5
1.4545454545454546
1.75
1.3846153846153846
1.5714285714285714
1.2
1.4375
1.3529411764705883
1.1111111111111112
1.2105263157894737
0.8
0.5238095238095238
1.0909090909090908
2.0869565217391304
1.25
1.32
1.3846153846153846
1.4814814814814814
1.4285714285714286
1.3793103448275863
0.6666666666666666
1.4838709677419355
1.03125
1.4848484848484849
0.8181818181818182
1.5294117647058822
2.4285714285714284
1.4594594594594594
1.605263157894737
0.0
0.0
0.3333333333333333
1.0
0.8
1.3333333333333333
0.6666666666666666
1.75
1.75
0.8
1.4
1.6666666666666667
1.6428571428571428
1.8571428571428568
1.0
1.6875
1.7222222222222223
1.631578947368421
2.05
1.5714285714285714
1.2727272727272727
1.5833333333333333
1.5416666666666667
1.56
1.1851851851851851
1.6071428571428572
1.5
0.3333333333333333
1.5483870967741935
2.15625
1.5
1.4545454545454546
2.411764705882353
1.4
1.2571428571428571
1.4054054054054057
1.1891891891891893
0.8947368421052632
0.0
1.5
1.5
0.3333333333333333
0.75
1.3333333333333333
1.1666666666666667
1.75
1.8888888888888888
2.2
1.1
1.6666666666666667
1.6153846153846154
1.5714285714285714
2.1333333333333333
1.6
0.875
1.5
1.5789473684210529
1.25
1.6666666666666667
1.7142857142857142
1.181818181818182
1.6666666666666667
0.76
1.5769230769230769
1.1851851851851851
1.6785714285714286
1.2758620689655171
1.5666666666666669
1.0333333333333334
1.5625
1.5151515151515151
1.606060606060606
1.3235294117647058
1.542857142857143
1.4864864864864864
1.2894736842105263
0.0
0.0
0.0
0.3333333333333333
1.5
0.6
0.5714285714285714
0.4285714285714285
1.3333333333333333
0.5555555555555556
1.3636363636363635
0.5
0.6923076923076923
2.076923076923077
0.7333333333333333
0.5625
0.8235294117647058
0.8333333333333334
0.8947368421052632
0.85
0.3333333333333333
1.5
0.8695652173913043
0.625
0.88
1.4615384615384617
0.925925925925926
1.7857142857142858
0.8333333333333334
0.8333333333333334
1.5483870967741935
2.09375
0.7878787878787878
1.2941176470588236
0.8285714285714286
0.8888888888888888
1.054054054054054
0.9473684210526316
0.0
1.5
0.0
1.0
1.8
0.6666666666666666
0.5714285714285714
1.25
0.8888888888888888
0.9
1.181818181818182
0.9166666666666666
2.230769230769231
1.0
1.1333333333333333
2.0625
1.25
1.2777777777777777
1.2105263157894737
1.4
1.15
2.095238095238096
1.0
0.9130434782608696
1.0
1.2692307692307692
1.037037037037037
1.1785714285714286
1.1724137931034482
1.1
0.8709677419354839
1.096774193548387
1.121212121212121
1.606060606060606
1.0857142857142856
0.9722222222222222
0.918918918918919
1.0789473684210529
0.0
0.0
1.0
0.0
1.4
0.6666666666666666
1.7142857142857142
1.0
1.1
2.1
1.0
1.2307692307692308
0.8571428571428571
0.8
1.625
0.8235294117647058
0.9444444444444444
0.85
2.0
0.8571428571428571
0.9090909090909092
0.9130434782608696
1.125
0.88
0.8846153846153846
0.8518518518518519
0.8888888888888888
0.9285714285714286
0.9285714285714286
0.9655172413793104
0.9666666666666668
2.129032258064516
1.59375
0.9411764705882352
0.9142857142857144
0.6857142857142857
0.972972972972973
1.3157894736842106
0.0
0.5
1.3333333333333333
1.25
1.0
1.8333333333333333
1.0
1.25
1.2222222222222223
0.9
1.3636363636363635
1.25
1.2307692307692308
1.2857142857142858
1.2
1.4375
1.2352941176470589
1.4444444444444444
1.2222222222222223
1.368421052631579
1.45
0.9523809523809524
1.318181818181818
1.7083333333333333
0.84
1.2
1.1111111111111112
1.2857142857142858
1.0714285714285714
1.3333333333333333
1.3333333333333333
1.032258064516129
1.8823529411764703
1.3529411764705883
1.3529411764705883
1.1388888888888888
1.2432432432432432
1.7894736842105263
0.0
1.5
1.0
2.25
0.4
0.6
1.8571428571428568
0.375
0.6666666666666666
0.6
1.0909090909090908
0.75
1.2307692307692308
0.6428571428571429
1.0666666666666669
0.5625
0.5625
1.588235294117647
0.8421052631578947
0.65
0.7619047619047619
1.5909090909090908
1.565217391304348
0.8333333333333334
0.64
0.7692307692307693
0.7407407407407407
0.7857142857142857
0.9333333333333332
0.935483870967742
1.21875
0.8787878787878788
1.1470588235294117
0.9428571428571428
0.9428571428571428
1.7222222222222223
1.2432432432432432
0.9210526315789472
