0.0
1.5
1.0
0.0
2.25
-1.2
-0.6
0.4285714285714285
0.125
0.5555555555555556
0.6
0.0909090909090909
-0.6153846153846154
-0.0769230769230769
0.0666666666666666
-0.6666666666666666
0.125
0.3333333333333333
-0.5789473684210527
0.3
0.7619047619047619
-0.4545454545454545
-0.0434782608695652
-0.8333333333333334
0.84
-0.2307692307692307
0.074074074074074
0.1071428571428571
0.0344827586206896
0.1333333333333333
0.3548387096774194
-0.28125
0.0
0.1212121212121212
-0.1714285714285714
0.0
-1.108108108108108
0.2631578947368421
0.0
0.0
0.0
0.4
-0.4
0.8333333333333334
0.1428571428571428
0.5
0.9
0.0
0.3636363636363636
-0.0769230769230769
0.3571428571428571
-0.8666666666666667
0.25
-0.5294117647058824
-0.1666666666666666
-0.1052631578947368
-0.7
0.7142857142857143
0.2727272727272727
-0.1818181818181818
0.391304347826087
0.875
-0.625
-0.2
-0.1111111111111111
-1.0740740740740742
0.5862068965517241
-0.2333333333333333
-0.4516129032258064
-0.28125
0.6666666666666666
0.088235294117647
0.4
-0.9166666666666666
0.2432432432432432
-0.2105263157894736
0.0
-1.5
1.0
-0.6666666666666666
0.2
-0.3333333333333333
0.7142857142857143
0.0
0.4444444444444444
-0.8
0.3636363636363636
-0.4166666666666667
-0.3076923076923077
0.1428571428571428
0.2666666666666666
1.125
-1.0
0.1666666666666666
0.3333333333333333
-1.105263157894737
-0.0476190476190476
0.1904761904761904
0.3478260869565217
-0.0833333333333333
-0.52
0.36
0.1851851851851851
-0.8571428571428571
1.2413793103448276
-0.3666666666666666
0.032258064516129
-0.21875
-0.3939393939393939
0.0303030303030303
0.0285714285714285
0.4166666666666667
-0.2972972972972973
0.1052631578947368
0.0
-1.0
0.0
0.5
0.8
0.6
0.8571428571428571
-1.0
0.7777777777777778
-0.2
0.1818181818181818
-0.25
0.3076923076923077
0.7142857142857143
0.3333333333333333
0.4375
-0.6470588235294118
0.1666666666666666
0.5789473684210527
0.35
0.5714285714285714
0.0909090909090909
-0.9130434782608696
-0.2083333333333333
0.0
-0.5384615384615384
-0.037037037037037
-0.2142857142857142
-0.1379310344827586
0.7666666666666667
0.032258064516129
0.40625
-0.1515151515151515
0.6666666666666666
-0.2058823529411764
-0.9142857142857144
-0.4324324324324324
-0.1578947368421052
0.0
0.5
0.0
0.0
0.6
0.5
0.6666666666666666
-0.125
0.875
0.6
0.5
0.0
-0.7857142857142857
-0.2142857142857142
0.7333333333333333
-0.625
-1.4444444444444444
0.4736842105263157
-0.45
-0.1428571428571428
0.3636363636363636
-0.875
0.0416666666666666
0.04
0.3703703703703703
-0.3214285714285714
0.1071428571428571
1.2666666666666666
-0.3548387096774194
-0.65625
-0.71875
0.4848484848484848
-1.0
-0.6
0.1428571428571428
0.2702702702702703
0.2162162162162162
0.5
0.0
-1.5
-1.5
1.0
0.25
0.8333333333333334
0.1666666666666666
-0.875
-0.5555555555555556
-0.2
0.9
-0.9166666666666666
-0.3076923076923077
-0.0714285714285714
-0.5333333333333333
-0.1333333333333333
0.625
-0.1111111111111111
-0.5263157894736842
0.4
0.0476190476190476
-0.0952380952380952
0.5909090909090909
-0.5416666666666666
0.84
-1.0
0.4444444444444444
-0.3928571428571428
0.3448275862068966
0.8333333333333334
0.5333333333333333
-0.53125
0.0909090909090909
0.0909090909090909
0.2647058823529412
0.7142857142857143
-0.5405405405405406
0.1578947368421052
0.0
0.0
0.6666666666666666
-0.3333333333333333
-1.5
0.2
-0.1428571428571428
0.1428571428571428
-0.7777777777777778
1.8888888888888888
-0.9090909090909092
0.75
-0.1538461538461538
-1.5384615384615383
1.2666666666666666
0.125
0.9411764705882352
-0.0555555555555555
0.6842105263157895
-0.15
0.4761904761904761
-0.5909090909090909
0.2608695652173913
0.25
0.0
-0.5
0.5185185185185185
-0.8928571428571429
0.1
1.4
-0.7419354838709677
-1.28125
0.696969696969697
-0.5294117647058824
0.2
0.2777777777777778
-0.1621621621621621
1.263157894736842
0.0
-1.0
1.0
0.5
-1.0
0.6666666666666666
1.1428571428571428
-0.375
-0.6666666666666666
-0.1
-0.4545454545454545
0.75
-1.1538461538461535
0.2857142857142857
-0.1333333333333333
-0.8125
0.3125
-0.1666666666666666
0.8421052631578947
-0.25
0.45
-1.0
-0.0434782608695652
0.0869565217391304
0.5416666666666666
-0.2307692307692307
0.074074074074074
-0.25
-0.0344827586206896
-0.3333333333333333
0.2258064516129032
0.8709677419354839
0.0
-0.4848484848484848
0.1142857142857142
0.1111111111111111
0.1621621621621621
0.1578947368421052
0.0
0.0
-1.0
0.0
-0.8
0.0
-0.7142857142857143
1.25
0.0
-1.0
0.6363636363636364
-0.3846153846153846
0.4285714285714285
-0.1333333333333333
-0.8125
0.1176470588235294
0.1111111111111111
0.05
-1.1428571428571428
1.1428571428571428
0.0454545454545454
0.6956521739130435
-0.2083333333333333
0.88
0.0769230769230769
0.2962962962962963
-0.037037037037037
0.0357142857142857
0.0357142857142857
0.0344827586206896
0.4333333333333333
-1.096774193548387
-0.59375
1.2352941176470589
0.3142857142857143
0.2285714285714285
0.8378378378378378
-0.3684210526315789
0.0
-0.5
0.0
0.5
0.2
-0.8333333333333334
0.4285714285714285
-0.25
-0.2222222222222222
0.3
-0.2727272727272727
-0.0833333333333333
-0.5384615384615384
0.0714285714285714
0.2666666666666666
0.1875
0.1176470588235294
-0.1111111111111111
0.2222222222222222
0.2631578947368421
-0.2
0.4285714285714285
-0.0909090909090909
-0.4583333333333333
0.36
0.44
0.1111111111111111
-0.0357142857142857
0.2142857142857142
0.6666666666666666
-0.3
0.2580645161290322
-0.5294117647058824
-0.2058823529411764
-0.3235294117647059
0.1388888888888889
-0.2702702702702703
-0.5789473684210527
0.0
0.0
0.3333333333333333
-1.5
0.2
0.2
-1.4285714285714286
0.25
0.0
0.3
-0.5454545454545454
0.1666666666666666
-0.5384615384615384
1.5714285714285714
-0.4666666666666667
0.375
0.0625
-1.0588235294117647
-0.2105263157894736
0.55
1.380952380952381
-0.8636363636363636
-0.7391304347826086
0.375
0.16
0.8846153846153846
1.5925925925925926
-0.0714285714285714
-0.0666666666666666
-0.2258064516129032
-0.3125
0.8181818181818182
-0.2647058823529412
0.0857142857142857
0.2857142857142857
-0.7777777777777778
-0.3243243243243243
0.2368421052631578
