0
3
6
6
9
4
7
8
6
12
12
5
3
4
10
4
5
8
2
1
5
3
4
4
7
3
5
5
3
5
8
5
7
7
9
5
7
7
0
0
3
8
6
11
6
9
6
2
7
2
5
6
9
6
5
2
5
5
6
5
6
10
6
3
5
5
8
0
8
8
9
9
9
10
5
6
0
0
4
1
2
3
6
6
5
6
8
5
3
7
7
13
10
8
10
7
5
5
13
10
2
10
9
5
15
1
7
3
1
4
9
10
5
15
0
1
3
6
9
12
8
2
6
5
8
8
10
12
8
8
5
1
13
0
0
12
4
10
10
7
15
8
5
10
7
7
5
9
10
10
7
6
0
1
1
4
7
11
8
13
15
7
7
9
7
9
12
10
0
13
6
12
6
3
7
7
6
10
8
9
9
6
2
10
0
1
1
7
4
5
0
0
0
4
4
13
8
4
11
13
13
7
4
4
4
9
4
4
4
9
12
12
15
10
7
3
5
4
7
15
7
8
6
4
7
13
9
2
0
0
2
0
0
4
3
3
5
15
2
5
3
3
11
6
8
7
10
4
6
6
1
4
0
8
6
5
8
10
0
1
2
1
6
6
7
13
0
1
3
6
4
8
9
4
1
4
4
9
7
9
3
12
5
6
7
6
9
3
9
3
11
4
7
5
9
1
7
12
9
4
4
5
3
9
0
0
0
0
3
4
7
15
8
8
6
3
8
2
2
5
3
6
5
11
5
10
4
9
3
10
2
7
4
7
10
9
9
13
7
3
9
4
0
0
4
7
6
6
10
4
6
7
6
11
4
8
10
9
8
8
10
3
6
6
6
4
1
8
4
6
6
6
4
7
9
7
3
6
3
3
0
3
4
3
3
4
0
3
3
7
3
7
6
15
3
5
4
0
3
8
9
7
7
8
7
6
12
1
6
1
9
12
7
3
6
5
5
3
