0.0
2.5
2.0
1.0
1.75
-0.2
1.4
0.8571428571428571
0.75
1.2222222222222223
0.8
0.0909090909090909
-0.5384615384615384
0.0
0.2
-0.9333333333333332
0.0
0.6111111111111112
-0.2631578947368421
-0.4
0.4761904761904761
-0.3636363636363636
-0.4347826086956521
-0.3333333333333333
0.6
-0.5
-0.3703703703703703
-0.4285714285714285
-0.3793103448275862
-0.4333333333333333
0.0
-0.4375
-0.303030303030303
-0.3939393939393939
-0.3428571428571428
-0.2222222222222222
-0.4054054054054054
-0.2631578947368421
0.0
-1.5
-0.75
0.4
-0.4
1.0
-0.5714285714285714
0.375
0.0
-0.7272727272727273
-0.0909090909090909
-0.7692307692307693
0.0714285714285714
-0.5333333333333333
-0.5
-0.5882352941176471
-0.7222222222222222
-0.8947368421052632
-0.6
0.0476190476190476
-0.1818181818181818
-0.6363636363636364
-0.1739130434782608
0.3333333333333333
-0.5833333333333334
-0.6
-0.6666666666666666
-0.5185185185185185
0.3793103448275862
-0.9
-0.4516129032258064
-0.40625
0.8181818181818182
-0.3529411764705882
0.1142857142857142
-0.3055555555555556
0.027027027027027
-0.2894736842105263
0.0
-2.0
0.3333333333333333
-1.3333333333333333
-1.6
-0.3333333333333333
-0.8571428571428571
-0.5
0.5555555555555556
-1.0
-0.2727272727272727
-0.8333333333333334
-1.5384615384615383
-0.5714285714285714
0.4
1.1875
-0.3529411764705882
0.3888888888888889
-0.3333333333333333
-0.4210526315789473
-0.1428571428571428
-0.4285714285714285
0.3478260869565217
-0.25
-0.56
-0.24
-0.037037037037037
-0.3571428571428571
1.2758620689655171
-0.4333333333333333
-0.1290322580645161
-0.4375
-1.181818181818182
-0.4242424242424242
0.1142857142857142
-0.2777777777777778
-0.1891891891891892
-0.1578947368421052
0.0
0.0
-0.3333333333333333
0.5
0.6
2.2
0.4285714285714285
-0.75
0.2222222222222222
0.1
0.3636363636363636
0.4166666666666667
0.3846153846153846
1.2142857142857142
0.2666666666666666
0.3125
-0.7058823529411765
0.0555555555555555
0.7894736842105263
-0.1
-0.1428571428571428
0.0454545454545454
-0.0869565217391304
-0.5
0.0
-0.3846153846153846
0.1111111111111111
-0.1785714285714285
0.1034482758620689
0.1
0.3870967741935484
0.09375
-0.2727272727272727
0.1515151515151515
-0.0294117647058823
0.1714285714285714
-0.3783783783783784
0.1052631578947368
0.0
0.0
-0.3333333333333333
0.25
0.4
0.5
0.3333333333333333
0.25
1.625
-0.1
0.6
0.1666666666666666
-0.3571428571428571
0.1428571428571428
0.2666666666666666
-0.5625
-1.1666666666666667
1.0526315789473684
0.25
0.0476190476190476
0.3181818181818182
-0.9583333333333334
0.2916666666666667
0.76
0.2222222222222222
-0.1071428571428571
0.3214285714285714
0.3333333333333333
-0.2903225806451613
0.25
-0.65625
0.696969696969697
0.1470588235294117
-0.6571428571428571
0.1428571428571428
0.4054054054054054
0.1891891891891892
0.1842105263157894
0.0
-2.0
-1.0
0.6666666666666666
0.0
1.5
0.1666666666666666
-0.5
-0.1111111111111111
0.6
0.6
-0.75
0.3846153846153846
0.0
0.1333333333333333
-0.1333333333333333
0.0625
0.2222222222222222
-0.3684210526315789
0.35
0.3809523809523809
0.5714285714285714
0.4090909090909091
-0.1666666666666666
0.08
-0.8846153846153846
0.1111111111111111
-0.25
0.0344827586206896
1.5666666666666669
0.0
-0.46875
0.0
0.696969696969697
0.0
1.1428571428571428
-0.7297297297297297
-0.131578947368421
0.0
-0.5
0.0
-1.0
-1.25
-0.2
-0.5714285714285714
-1.5714285714285714
-0.4444444444444444
1.4444444444444444
-0.6363636363636364
0.25
-0.5384615384615384
-0.5384615384615384
1.3333333333333333
-0.625
0.1764705882352941
-0.5
0.7368421052631579
-1.05
-0.4761904761904761
-0.4090909090909091
-0.5217391304347826
-0.4166666666666667
-0.8
-0.3076923076923077
-0.037037037037037
-0.4285714285714285
-0.5333333333333333
1.4666666666666666
-0.5483870967741935
-0.53125
0.2424242424242424
-0.6470588235294118
-0.4857142857142857
0.1666666666666666
-0.5405405405405406
1.0263157894736843
0.0
0.0
0.3333333333333333
0.25
0.0
0.3333333333333333
0.4285714285714285
-0.25
-0.7777777777777778
-0.4
-0.4545454545454545
-0.0833333333333333
-0.1538461538461538
-0.2857142857142857
-0.5333333333333333
0.0625
0.375
-0.1666666666666666
0.7894736842105263
-0.25
0.45
-0.2857142857142857
-0.4782608695652174
-0.3478260869565217
0.1666666666666666
-0.3846153846153846
-0.3333333333333333
-0.6785714285714286
-0.3448275862068966
-0.9666666666666668
-0.3870967741935484
1.032258064516129
-0.3939393939393939
-0.303030303030303
-0.2
-0.3055555555555556
-0.2972972972972973
0.1842105263157894
0.0
-0.5
-0.6666666666666666
-1.25
-0.4
-0.3333333333333333
-0.1428571428571428
1.375
-0.1
-0.1
0.4545454545454545
-0.8461538461538461
0.1428571428571428
-1.0
-0.75
-0.5882352941176471
-0.7777777777777778
-0.6
-0.6666666666666666
1.4285714285714286
-0.5909090909090909
0.6086956521739131
-0.625
0.6
-0.8846153846153846
-0.6296296296296297
-0.7407407407407407
-0.2857142857142857
-0.4285714285714285
-0.6206896551724138
0.1333333333333333
-0.5806451612903226
-0.625
1.588235294117647
-0.1142857142857142
-0.7428571428571429
0.7297297297297297
-0.6842105263157895
0.0
-1.5
0.6666666666666666
1.75
-0.6
-0.1666666666666666
-0.4285714285714285
-0.125
-1.0
0.0
-0.0909090909090909
0.1666666666666666
-0.6923076923076923
0.1428571428571428
0.4
0.5
0.2941176470588235
0.1111111111111111
0.3333333333333333
0.8947368421052632
-0.05
0.2857142857142857
0.0
0.125
-0.04
0.28
-0.037037037037037
0.1428571428571428
0.0357142857142857
1.1
-0.4333333333333333
0.032258064516129
0.1176470588235294
0.0294117647058823
-0.4117647058823529
0.0
-0.5945945945945946
-0.0526315789473684
0.0
2.0
0.6666666666666666
0.25
-0.8
-1.4
-1.1428571428571428
-0.75
-1.1111111111111112
-0.5
-1.2727272727272727
-0.5833333333333334
-0.7692307692307693
0.9285714285714286
-1.0
-0.125
-0.75
-1.0588235294117647
-1.0
-0.1
1.380952380952381
-0.9545454545454546
-0.8260869565217391
-0.2916666666666667
-0.84
0.5
1.7777777777777777
-0.9642857142857144
-0.8333333333333334
-1.096774193548387
-0.84375
0.1818181818181818
-0.8529411764705882
-0.3714285714285714
0.0285714285714285
-0.7777777777777778
-0.8378378378378378
-0.4473684210526316
