0.0
1.5
2.0
2.0
2.25
0.8
1.4
1.5714285714285714
1.5
1.8888888888888888
1.8
1.3636363636363635
0.6153846153846154
1.2307692307692308
1.4
0.6666666666666666
1.25
1.5
1.105263157894737
1.05
1.809523809523809
1.0454545454545454
1.0
1.0416666666666667
1.84
0.9615384615384616
1.1111111111111112
1.0357142857142858
1.0689655172413792
1.0
1.3225806451612905
1.03125
1.0909090909090908
1.0909090909090908
1.1142857142857143
1.1111111111111112
1.0810810810810811
1.3157894736842106
0.0
0.0
0.75
1.6
1.2
1.8333333333333333
0.8571428571428571
1.375
1.6
0.7272727272727273
1.0909090909090908
0.6923076923076923
1.2142857142857142
0.8666666666666667
1.0625
0.8235294117647058
0.7777777777777778
0.6842105263157895
0.9
1.619047619047619
1.1363636363636365
0.8636363636363636
1.2608695652173914
1.75
0.875
0.84
0.7777777777777778
0.8888888888888888
1.4827586206896552
0.6333333333333333
0.935483870967742
1.0
1.7272727272727273
1.0294117647058822
1.4857142857142858
1.0833333333333333
1.3243243243243243
1.0789473684210529
0.0
0.0
1.3333333333333333
0.3333333333333333
0.4
0.5
0.8571428571428571
0.875
1.3333333333333333
0.8
1.0909090909090908
0.9166666666666666
0.6153846153846154
1.0714285714285714
1.4666666666666666
2.25
1.2352941176470589
1.3888888888888888
1.2222222222222223
1.1578947368421053
1.0476190476190477
1.0952380952380951
1.608695652173913
1.3333333333333333
0.8
1.32
1.4444444444444444
1.2142857142857142
2.413793103448276
1.1333333333333333
1.2258064516129032
1.15625
0.7575757575757576
1.1515151515151516
1.2857142857142858
1.3055555555555556
1.054054054054054
1.394736842105263
0.0
0.5
1.0
1.5
1.8
2.4
1.5714285714285714
0.5
1.3333333333333333
1.3
1.6363636363636365
1.5
1.6923076923076923
2.2857142857142856
1.5333333333333334
1.875
0.7058823529411765
1.2777777777777777
1.7894736842105263
1.15
1.0952380952380951
1.181818181818182
1.173913043478261
1.0416666666666667
1.32
0.8461538461538461
1.4444444444444444
1.2142857142857142
1.2413793103448276
1.4333333333333331
1.5161290322580645
1.4375
1.3333333333333333
1.4848484848484849
1.3235294117647058
1.5142857142857142
1.027027027027027
1.4473684210526316
0.0
0.5
0.3333333333333333
1.0
1.4
1.8333333333333333
1.3333333333333333
1.625
2.625
1.4
1.9
1.6666666666666667
0.8571428571428571
1.6428571428571428
1.7333333333333334
1.0625
0.2777777777777778
2.1052631578947367
1.6
1.4285714285714286
1.6363636363636365
0.7083333333333334
1.5833333333333333
1.6
1.5555555555555556
1.2857142857142858
1.6071428571428572
1.6
1.1935483870967742
1.5
0.78125
1.93939393939394
1.411764705882353
0.8
1.4
1.6756756756756757
1.4054054054054057
1.394736842105263
0.0
0.0
0.0
1.3333333333333333
1.0
2.1666666666666665
1.3333333333333333
0.875
1.3333333333333333
2.0
2.0
0.75
1.3076923076923077
1.5
1.6
1.4666666666666666
1.5
1.3888888888888888
1.0526315789473684
1.65
1.7142857142857142
1.619047619047619
1.7727272727272727
1.125
1.6
0.5769230769230769
1.6296296296296295
1.2857142857142858
1.6206896551724137
2.4
1.5666666666666669
1.03125
1.606060606060606
1.696969696969697
1.588235294117647
2.257142857142857
0.945945945945946
1.4473684210526316
0.0
0.0
0.6666666666666666
0.0
0.0
0.8
0.4285714285714285
0.5714285714285714
0.5555555555555556
2.4444444444444446
0.4545454545454545
1.25
0.5384615384615384
0.5384615384615384
2.0
0.6875
1.7647058823529411
0.7777777777777778
1.5789473684210529
0.7
0.8095238095238095
0.9090909090909092
1.1304347826086956
0.875
0.88
0.9615384615384616
1.4444444444444444
0.8928571428571429
0.9333333333333332
2.2333333333333334
0.8064516129032258
0.8125
1.4848484848484849
0.7647058823529411
1.0285714285714285
1.1666666666666667
0.8918918918918919
2.210526315789474
0.0
0.5
1.0
1.5
0.8
1.3333333333333333
1.7142857142857142
0.875
0.2222222222222222
0.8
0.7272727272727273
1.6666666666666667
1.0769230769230769
1.2857142857142858
1.0
1.25
1.5625
1.1111111111111112
2.0526315789473686
1.15
1.6
1.0952380952380951
0.9565217391304348
1.0
1.5416666666666667
1.0384615384615383
1.1111111111111112
0.9285714285714286
1.137931034482759
0.7666666666666667
1.096774193548387
1.967741935483871
1.121212121212121
1.121212121212121
1.2
1.0833333333333333
1.0810810810810811
1.236842105263158
0.0
0.0
0.0
0.0
0.6
0.6666666666666666
1.0
2.25
1.1
1.1
1.6363636363636365
0.8461538461538461
1.2857142857142858
0.6666666666666666
0.8125
0.9411764705882352
1.0555555555555556
0.9
0.8571428571428571
2.0
0.9545454545454546
1.608695652173913
0.9166666666666666
1.76
0.9615384615384616
1.148148148148148
0.8518518518518519
0.9642857142857144
0.9642857142857144
1.0
1.4
1.032258064516129
1.0
2.176470588235294
1.2285714285714286
0.9142857142857144
1.8108108108108107
0.9473684210526316
0.0
0.0
1.3333333333333333
1.75
1.2
1.0
1.4285714285714286
1.0
1.0
1.2
1.0909090909090908
1.1666666666666667
0.6923076923076923
1.3571428571428572
1.4666666666666666
1.625
1.3529411764705883
1.3333333333333333
1.4444444444444444
1.631578947368421
1.25
1.380952380952381
1.2272727272727273
1.25
1.2
1.64
1.2222222222222223
1.25
1.2857142857142858
2.0
1.0333333333333334
1.2903225806451613
1.3529411764705883
1.1470588235294117
1.0294117647058822
1.2777777777777777
0.972972972972973
1.2105263157894737
0.0
1.5
1.3333333333333333
0.75
0.6
0.8
0.4285714285714285
0.625
0.6666666666666666
0.9
0.5454545454545454
0.9166666666666666
0.6923076923076923
2.2142857142857144
0.6
0.9375
0.625
0.5294117647058824
0.631578947368421
1.2
2.142857142857143
0.7272727272727273
0.8260869565217391
1.2083333333333333
0.8
1.6538461538461535
2.333333333333333
0.7142857142857143
0.8666666666666667
0.7096774193548387
0.90625
1.696969696969697
0.8823529411764706
1.0285714285714285
1.2285714285714286
0.9444444444444444
0.918918918918919
1.1578947368421053
