0
4
3
0
6
1
1
5
11
6
10
15
16
13
17
17
19
21
17
34
31
20
34
33
39
41
42
37
43
46
47
36
50
52
49
55
33
60
0
3
2
6
4
9
7
12
17
14
18
20
24
12
27
19
25
32
28
35
37
27
37
38
28
32
43
24
45
47
43
49
47
56
48
38
50
42
0
1
6
3
10
10
17
11
12
5
19
7
19
17
19
21
11
23
28
13
30
30
33
24
36
35
40
21
44
30
46
36
50
51
51
71
53
46
0
1
3
3
3
4
6
9
14
11
17
13
13
16
20
19
22
18
26
32
42
30
24
31
26
32
35
32
34
58
34
51
36
51
37
13
41
43
0
2
2
3
5
4
7
4
4
16
11
7
13
10
22
14
14
18
11
20
24
22
29
23
37
28
36
52
34
29
35
36
20
38
44
40
56
49
0
0
0
3
8
3
6
3
4
5
11
9
11
10
8
13
18
15
15
21
18
16
24
21
43
27
39
28
38
34
41
38
28
39
41
42
47
39
0
3
5
2
3
8
11
11
8
13
13
17
23
6
18
26
23
27
27
29
45
28
34
42
34
26
35
20
43
43
34
24
48
40
52
52
56
53
0
1
3
2
1
7
9
14
10
19
16
13
8
15
16
6
17
26
24
21
27
10
30
27
32
32
42
38
25
43
42
44
49
42
51
48
62
52
0
1
2
5
4
8
10
11
15
8
19
25
27
29
21
31
34
40
23
42
43
44
28
46
46
49
44
49
49
53
54
24
32
61
62
60
65
45
0
0
3
3
7
7
10
9
12
14
10
16
17
16
27
22
25
24
29
25
25
32
28
19
42
35
36
37
46
40
40
49
34
44
44
52
50
33
0
0
3
3
6
11
7
21
10
24
14
27
16
31
18
36
36
19
33
42
43
18
33
47
49
51
54
46
60
60
42
65
44
67
67
39
47
75
