0
0
3
6
0
8
8
4
11
10
10
16
16
15
18
18
18
20
26
12
23
33
26
56
27
29
30
33
31
23
32
35
37
39
45
43
74
43
0
2
1
4
8
6
3
8
9
4
10
9
16
24
17
22
20
19
32
23
23
23
23
24
28
20
29
43
31
31
43
40
36
37
37
73
39
47
0
5
2
4
4
4
1
5
6
8
8
10
9
15
13
14
30
17
25
37
21
21
26
32
30
32
32
48
32
41
34
39
36
41
40
36
46
50
0
4
4
3
3
7
4
12
8
14
21
18
17
20
18
22
24
21
26
18
16
27
52
30
29
34
41
35
36
29
38
37
41
34
43
65
45
43
0
0
0
4
3
6
4
8
8
9
10
13
15
22
14
18
22
23
28
25
27
29
28
30
36
37
41
19
43
62
43
43
64
43
38
47
47
28
0
2
2
2
4
4
5
7
9
19
12
10
12
21
24
15
10
19
20
20
30
24
17
27
19
29
28
32
33
34
25
36
43
39
44
41
44
41
0
1
2
1
5
6
9
7
7
9
14
10
12
21
12
11
16
18
21
21
10
28
24
23
24
35
26
46
28
28
36
59
30
35
31
32
36
35
0
3
1
3
8
5
5
8
8
13
23
10
19
11
14
33
18
19
22
24
22
33
22
21
24
31
33
30
25
31
21
32
39
48
40
31
38
41
0
0
5
2
3
6
12
10
12
19
14
16
16
17
29
24
24
18
53
28
22
29
26
29
29
29
21
30
30
27
32
70
43
36
36
28
40
37
0
0
4
5
6
14
9
8
12
9
11
17
18
21
21
28
21
30
24
30
32
17
33
42
24
34
33
38
31
42
42
36
66
48
48
39
49
58
0
4
6
13
3
7
12
9
10
12
8
18
15
19
16
20
20
21
20
23
25
24
39
28
21
29
29
28
42
36
39
36
35
39
39
59
41
44
