0
0
0
1
1
6
3
3
4
14
6
11
20
16
18
24
20
12
26
29
20
32
31
35
30
42
41
42
33
44
34
48
45
50
54
41
58
56
0
4
6
3
6
6
11
5
13
18
12
22
16
25
23
28
31
34
35
22
23
37
29
31
38
39
38
43
28
46
47
47
32
48
40
48
40
50
0
4
2
6
10
7
10
11
9
18
13
19
31
19
18
10
22
19
23
26
31
30
23
34
46
36
29
42
18
46
39
48
69
50
35
52
50
54
0
1
4
4
4
5
8
12
11
4
12
14
14
4
18
12
26
25
13
28
29
23
31
33
31
39
32
44
31
34
31
35
48
36
42
38
56
42
0
2
3
3
4
4
4
5
1
11
9
11
19
13
13
17
35
14
20
25
20
39
22
19
27
29
28
32
52
35
44
22
38
52
38
36
40
41
0
5
3
1
3
0
3
10
10
4
4
14
11
12
13
18
14
17
22
15
16
16
18
28
26
37
27
39
32
19
34
45
39
29
40
20
58
50
0
2
3
5
8
7
11
15
13
6
16
10
18
18
6
22
17
27
18
38
32
32
39
34
50
34
33
39
42
15
45
45
44
52
48
58
53
25
0
1
2
3
4
4
10
10
12
12
13
18
13
18
20
17
16
23
12
27
23
28
38
30
27
37
38
44
40
54
44
17
48
49
38
51
51
50
0
2
2
6
7
4
9
6
15
15
9
26
15
27
32
33
35
38
42
23
42
26
44
32
49
43
49
43
44
50
42
54
56
30
37
62
37
66
0
3
1
2
8
8
11
11
15
13
14
10
20
19
20
12
23
18
24
15
24
26
26
31
35
26
37
38
37
30
41
41
44
36
54
48
71
54
0
0
1
6
11
10
16
11
22
14
27
16
29
16
34
18
34
38
41
22
20
46
47
39
49
31
19
56
58
65
63
42
66
48
41
69
73
51
