0
5
6
4
8
5
10
9
10
25
14
12
13
16
21
10
20
23
21
21
30
24
21
27
45
29
31
30
22
31
34
34
35
37
42
33
43
46
0
1
3
5
4
12
7
8
13
10
11
12
17
17
15
18
18
17
23
23
19
23
25
39
24
24
20
29
39
19
33
34
59
36
44
37
41
39
0
0
3
2
2
5
4
7
14
8
10
9
11
11
24
29
16
26
17
18
28
21
31
28
32
30
28
32
55
33
35
34
30
36
39
42
43
48
0
1
3
6
7
16
11
6
13
5
16
19
19
21
22
17
14
26
28
26
26
24
29
21
31
29
35
39
34
37
43
38
39
41
41
44
42
46
0
2
2
4
6
7
6
7
14
10
15
13
14
15
17
8
14
34
25
26
27
16
29
38
33
26
37
42
43
43
23
45
43
29
43
51
47
48
0
1
1
3
3
9
4
6
9
10
10
5
16
12
15
16
15
21
15
22
24
28
27
24
28
14
30
32
33
66
34
30
39
52
40
60
31
45
0
1
3
2
3
6
7
4
9
19
9
13
11
11
26
12
20
18
32
17
22
23
27
24
30
26
32
27
26
59
28
28
52
30
31
64
33
64
0
1
3
4
4
6
13
8
5
8
8
17
11
14
12
18
22
20
27
22
32
22
27
22
31
27
29
25
30
25
32
49
35
39
31
40
40
57
0
1
0
1
5
2
8
17
14
14
14
15
17
12
20
23
21
26
28
53
29
40
29
47
26
26
29
35
32
32
46
36
36
84
33
36
64
40
0
0
3
9
5
7
8
10
6
13
13
12
11
21
26
20
28
20
30
32
23
32
26
34
34
33
36
42
38
63
28
42
48
37
40
48
49
52
0
4
3
7
7
3
8
5
12
9
13
9
19
29
19
16
22
20
22
20
49
25
28
32
28
44
67
29
33
31
36
48
37
35
42
41
42
34
