0.0
2.0
-0.3333333333333333
0.25
0.0
1.8333333333333333
-0.1428571428571428
-0.25
-0.1111111111111111
-0.4
-0.2727272727272727
0.4166666666666667
-0.4615384615384615
0.9285714285714286
0.3333333333333333
-0.125
-0.2352941176470588
0.2777777777777778
-0.4736842105263157
-0.85
-0.5238095238095238
-0.2727272727272727
-0.5217391304347826
-0.125
-0.4230769230769231
0.1538461538461538
-0.0384615384615384
-0.4074074074074074
-0.2142857142857142
-0.4
-0.4193548387096774
-0.5625
-0.2727272727272727
0.5757575757575758
-0.2941176470588235
-0.9428571428571428
-0.3888888888888889
0.131578947368421
0.0
0.0
-2.0
0.75
-0.5
-0.3333333333333333
-0.7142857142857143
0.25
0.7777777777777778
0.2
0.0909090909090909
0.4166666666666667
0.0769230769230769
-0.8666666666666667
0.2
-0.8125
0.1176470588235294
0.0555555555555555
0.7894736842105263
-0.05
-0.238095238095238
-0.2272727272727272
-0.217391304347826
-0.2083333333333333
-0.04
0.7692307692307693
-0.2592592592592592
0.2857142857142857
-0.2413793103448276
-0.1666666666666666
-0.2258064516129032
-0.2258064516129032
-0.3939393939393939
-0.2352941176470588
-1.0
-0.3055555555555556
0.054054054054054
-0.2894736842105263
0.0
0.0
-1.0
0.3333333333333333
-0.2
0.5
-0.1428571428571428
0.5
0.0
1.4444444444444444
-0.1818181818181818
-0.0833333333333333
-0.5384615384615384
0.0714285714285714
-0.7333333333333333
0.1875
0.8823529411764706
0.1666666666666666
0.0526315789473684
0.0526315789473684
-0.5714285714285714
-0.0454545454545454
0.0434782608695652
-0.7083333333333334
0.0
0.0384615384615384
0.1481481481481481
0.0714285714285714
0.1379310344827586
-0.7
0.1290322580645161
0.59375
0.1212121212121212
0.4117647058823529
0.1142857142857142
-0.0833333333333333
0.054054054054054
1.0263157894736843
0.0
0.5
0.3333333333333333
-0.25
-0.4
-0.3333333333333333
-0.8571428571428571
0.125
0.3333333333333333
-0.2
1.0
-0.25
-1.2307692307692308
-0.1428571428571428
0.2
-0.25
-0.1176470588235294
-0.1111111111111111
-0.2105263157894736
1.15
-0.0952380952380952
0.238095238095238
-0.1739130434782608
1.0833333333333333
-0.2
-0.3076923076923077
0.074074074074074
-0.4285714285714285
-0.1724137931034483
-0.1333333333333333
-0.1612903225806451
-0.2258064516129032
-0.1515151515151515
-0.1470588235294117
-0.2941176470588235
-0.1666666666666666
-0.1891891891891892
-0.2105263157894736
0.0
-1.5
0.0
0.0
0.0
0.3333333333333333
0.2857142857142857
0.125
-0.5555555555555556
0.3
0.0909090909090909
0.3333333333333333
0.3333333333333333
-0.5
0.3333333333333333
0.1875
0.3529411764705882
0.3888888888888889
0.2105263157894736
0.4
0.2857142857142857
-0.1363636363636363
0.1739130434782608
-0.25
-0.92
0.1538461538461538
1.5185185185185186
0.1481481481481481
-0.3793103448275862
0.1333333333333333
0.0967741935483871
-0.53125
0.8235294117647058
-0.1176470588235294
0.2
-0.2162162162162162
0.1891891891891892
0.0
0.0
-1.0
-0.3333333333333333
-0.75
-0.8333333333333334
0.0
-1.0
-1.1111111111111112
2.0
-1.0
0.0
-0.9230769230769232
-0.0714285714285714
-0.7857142857142857
-0.5625
0.25
0.25
-0.5882352941176471
0.8888888888888888
-1.0
-0.3
-0.7727272727272727
0.8636363636363636
-0.6956521739130435
0.125
0.04
-0.4814814814814814
-0.5357142857142857
-0.2068965517241379
-0.1333333333333333
-0.3225806451612903
-1.125
-0.375
0.4411764705882353
-0.3714285714285714
-0.6285714285714286
-0.4324324324324324
-0.7105263157894737
0.0
0.5
0.3333333333333333
-0.5
-0.2
1.0
-0.4285714285714285
0.75
-0.6666666666666666
0.5555555555555556
0.6363636363636364
0.4166666666666667
0.0769230769230769
0.4285714285714285
0.4
-0.5
0.2941176470588235
1.0
0.1052631578947368
-0.35
-0.0952380952380952
0.3181818181818182
0.0
0.25
0.3076923076923077
-0.3076923076923077
-0.2962962962962963
0.2857142857142857
0.3793103448275862
0.9
0.3870967741935484
-0.4193548387096774
0.4545454545454545
-0.5882352941176471
0.4571428571428571
1.5555555555555556
0.1388888888888889
0.4210526315789473
0.0
0.5
1.0
0.25
0.5
0.0
0.2857142857142857
-0.25
0.2222222222222222
1.1
0.0
-0.3333333333333333
0.3076923076923077
-0.6428571428571429
0.6666666666666666
-0.375
0.7647058823529411
0.8333333333333334
-0.3157894736842105
1.05
0.6190476190476191
0.3181818181818182
0.6956521739130435
0.1666666666666666
0.68
-0.8461538461538461
0.6666666666666666
0.3928571428571428
0.7586206896551724
0.7666666666666667
-0.0967741935483871
0.6875
-1.5454545454545454
0.6470588235294118
1.0
0.6111111111111112
0.5675675675675675
-0.4736842105263157
0.0
-0.5
-1.6666666666666667
-0.75
-0.4
0.5
-0.8571428571428571
-0.5714285714285714
0.8888888888888888
-0.6
-0.0909090909090909
-0.3333333333333333
-0.3076923076923077
-0.1428571428571428
-0.2
0.375
-0.1764705882352941
1.6111111111111112
-0.1052631578947368
-0.25
-0.4285714285714285
0.1818181818181818
0.5652173913043478
0.1666666666666666
-0.3333333333333333
0.2307692307692307
-0.925925925925926
0.2857142857142857
-0.5862068965517241
0.3333333333333333
0.064516129032258
0.40625
0.3939393939393939
0.2058823529411764
0.3428571428571428
0.0277777777777777
-0.054054054054054
0.4210526315789473
0.0
-2.0
-1.0
-1.2
-0.6666666666666666
-0.2857142857142857
-0.5
-0.75
-0.3
0.5
-0.1666666666666666
-0.3846153846153846
-0.3846153846153846
0.6428571428571429
0.9333333333333332
-0.5
0.0555555555555555
-0.4210526315789473
-0.8421052631578947
-0.3
0.6666666666666666
-0.3636363636363636
-0.0869565217391304
-0.0416666666666666
1.52
1.5769230769230769
0.0
-1.0357142857142858
0.1379310344827586
-0.7333333333333333
0.1935483870967742
0.25
-0.5151515151515151
0.2352941176470588
0.2352941176470588
-0.0833333333333333
0.2702702702702703
-0.8157894736842105
0.0
0.5
-0.3333333333333333
1.5
0.2
-0.5
-0.4285714285714285
-0.5
0.1111111111111111
-0.3
0.1818181818181818
0.0833333333333333
1.0
0.0714285714285714
-0.6
-0.125
-0.8823529411764706
-0.1111111111111111
-0.0526315789473684
-0.05
0.3333333333333333
-0.0909090909090909
-0.6956521739130435
-0.0833333333333333
-0.36
-0.1111111111111111
0.037037037037037
0.0
-0.4137931034482758
0.0333333333333333
-0.4516129032258064
0.03125
-0.3636363636363636
0.1764705882352941
0.1428571428571428
0.5833333333333334
0.1621621621621621
0.9736842105263158
-2.0
0.0
0.5
-0.2
0.0
0.0
-0.2857142857142857
-0.2222222222222222
1.4
-0.3636363636363636
-0.7272727272727273
-0.0769230769230769
-0.7142857142857143
-0.1428571428571428
-0.25
-0.2352941176470588
-0.1111111111111111
-0.0526315789473684
-0.95
-0.1
-0.1904761904761904
-0.5454545454545454
1.826086956521739
-0.125
0.6
-0.037037037037037
0.6785714285714286
0.0
0.6206896551724138
-0.1333333333333333
-0.1612903225806451
0.0
0.1515151515151515
0.1142857142857142
0.0285714285714285
0.2222222222222222
0.2162162162162162
0.1842105263157894
0.0
0.5
1.0
-0.25
0.2
-1.0
0.8571428571428571
0.75
-0.2222222222222222
0.6666666666666666
-0.3636363636363636
0.5833333333333334
-0.6923076923076923
0.7142857142857143
0.4
0.3125
0.4117647058823529
0.3888888888888889
-0.7894736842105263
1.05
0.3809523809523809
0.238095238095238
0.391304347826087
0.0416666666666666
-1.04
0.3846153846153846
0.2962962962962963
-0.6428571428571429
0.9310344827586208
-0.2666666666666666
0.375
-0.71875
0.4242424242424242
0.4117647058823529
-0.2058823529411764
0.3888888888888889
-0.2162162162162162
0.4210526315789473
0.0
-0.5
0.0
0.75
0.2
-0.5
0.4285714285714285
-0.125
0.2222222222222222
0.4
0.3636363636363636
0.9166666666666666
-0.1538461538461538
0.5714285714285714
0.6
-0.75
0.7058823529411765
-1.0
0.3684210526315789
0.65
-0.7619047619047619
0.6818181818181818
0.6521739130434783
-0.25
0.48
0.3703703703703703
-0.1851851851851851
-1.0344827586206895
-0.1666666666666666
0.5161290322580645
0.5625
0.5757575757575758
0.6470588235294118
-0.4411764705882353
0.4571428571428571
0.6
1.5945945945945943
0.5263157894736842
0.0
0.5
1.3333333333333333
-0.75
-0.6
-0.3333333333333333
-0.2857142857142857
-0.625
0.0
0.3
0.1818181818181818
0.4166666666666667
0.2307692307692307
-0.4285714285714285
0.1333333333333333
-0.6875
0.1764705882352941
-0.2777777777777778
-0.0526315789473684
-0.1
1.1904761904761905
-0.4090909090909091
-0.1739130434782608
0.25
-0.12
-0.6923076923076923
-0.1481481481481481
-0.2142857142857142
-0.3793103448275862
-0.1666666666666666
0.6774193548387096
-0.09375
-0.7272727272727273
0.8235294117647058
-0.0588235294117647
-0.5555555555555556
-0.054054054054054
0.1052631578947368
0.0
0.0
2.0
0.25
-0.6
0.5
0.4285714285714285
-0.25
0.4444444444444444
0.1
-0.7272727272727273
0.3333333333333333
-0.7692307692307693
0.5714285714285714
0.3333333333333333
0.5
0.7058823529411765
0.3888888888888889
0.0
0.9
0.3333333333333333
0.3181818181818182
-0.4347826086956521
-0.6666666666666666
0.36
-0.3461538461538461
0.4074074074074074
0.3571428571428571
0.5333333333333333
0.28125
0.28125
0.2727272727272727
0.2424242424242424
0.2647058823529412
-0.4571428571428571
0.1666666666666666
0.1081081081081081
-0.6578947368421053
0.0
0.0
-1.0
0.5
0.0
1.1666666666666667
0.4285714285714285
0.75
0.6666666666666666
-0.7
0.6363636363636364
-0.9166666666666666
0.1538461538461538
0.2142857142857142
0.0666666666666666
1.3125
1.1764705882352942
0.0
0.1052631578947368
-0.15
0.9047619047619048
0.4090909090909091
0.4347826086956521
-0.375
0.52
-0.8461538461538461
0.5555555555555556
0.0714285714285714
-1.0357142857142858
0.5862068965517241
0.7
-0.375
-0.375
0.6363636363636364
1.1764705882352942
0.5555555555555556
-0.5833333333333334
0.5263157894736842
0.0
0.5
0.3333333333333333
0.25
-0.8
-1.0
0.1428571428571428
-1.0
0.2222222222222222
-1.1
-0.2727272727272727
-1.0
-0.9230769230769232
-1.0
-1.0
-0.5625
-0.5294117647058824
-0.7222222222222222
0.9473684210526316
-0.3
-0.2857142857142857
1.2272727272727273
-0.391304347826087
-0.5
0.16
-0.4615384615384615
-0.5555555555555556
-0.5
-0.5172413793103449
-0.3333333333333333
-0.4516129032258064
2.096774193548387
1.21875
-0.4545454545454545
-0.2285714285714285
-0.4285714285714285
-0.5277777777777778
-0.3157894736842105
