0.0
1.5
0.3333333333333333
1.0
0.8
1.8333333333333333
1.0
1.0
1.0
0.9
1.0909090909090908
1.5833333333333333
0.9230769230769232
2.0
1.1333333333333333
1.3125
1.2352941176470589
1.3888888888888888
1.1578947368421053
0.8
1.0476190476190477
1.181818181818182
1.0
0.9583333333333334
1.0384615384615383
1.4615384615384617
1.5
1.037037037037037
1.3214285714285714
1.0666666666666669
1.032258064516129
0.84375
1.1515151515151516
1.606060606060606
1.1176470588235294
0.6857142857142857
1.0555555555555556
1.4736842105263157
0.0
0.5
0.0
1.75
0.75
1.1666666666666667
0.7142857142857143
1.25
1.6666666666666667
1.4
1.2727272727272727
1.5
1.2307692307692308
0.6666666666666666
1.3333333333333333
0.8125
1.3529411764705883
1.2777777777777777
1.5789473684210529
1.15
1.0952380952380951
1.2272727272727273
1.1304347826086956
1.125
1.08
1.8461538461538465
1.037037037037037
1.5714285714285714
1.0344827586206895
1.1666666666666667
1.064516129032258
1.064516129032258
1.0909090909090908
1.1470588235294117
0.6285714285714286
1.1111111111111112
1.162162162162162
1.131578947368421
0.0
0.5
0.0
1.3333333333333333
1.0
1.3333333333333333
1.1428571428571428
1.375
1.2222222222222223
2.2222222222222223
1.2727272727272727
1.4166666666666667
0.8461538461538461
1.6428571428571428
0.8
1.8125
1.7647058823529411
1.3333333333333333
1.6842105263157894
1.6842105263157894
0.9047619047619048
1.3636363636363635
1.565217391304348
0.7916666666666666
1.5
1.1923076923076923
1.6666666666666667
1.3928571428571428
1.6551724137931034
0.8666666666666667
1.6129032258064515
1.90625
1.606060606060606
1.6176470588235294
1.6
1.1666666666666667
1.5945945945945943
2.1052631578947367
0.0
1.5
1.0
0.5
0.4
0.8333333333333334
0.7142857142857143
1.0
1.3333333333333333
0.9
2.090909090909091
0.8333333333333334
0.7692307692307693
0.9285714285714286
1.2
0.875
0.9411764705882352
1.1111111111111112
1.368421052631579
2.25
1.1428571428571428
1.4761904761904765
1.0434782608695652
2.208333333333333
1.0
0.9615384615384616
1.3703703703703705
0.8571428571428571
1.103448275862069
1.2333333333333334
1.096774193548387
1.1935483870967742
1.121212121212121
1.1176470588235294
1.0
1.0833333333333333
1.351351351351351
1.0263157894736843
0.0
0.0
0.75
1.5
1.4
1.6666666666666667
1.8571428571428568
1.25
0.5555555555555556
1.9
1.2727272727272727
1.9166666666666667
1.9166666666666667
1.0
1.933333333333333
1.4375
1.411764705882353
2.0
1.2105263157894737
2.0
1.9047619047619049
1.2272727272727273
1.8695652173913044
1.4166666666666667
0.68
1.807692307692308
2.4074074074074074
1.7777777777777777
1.0689655172413792
1.7
1.6451612903225807
0.8125
1.9705882352941173
1.1176470588235294
1.6571428571428573
1.162162162162162
1.648648648648649
1.605263157894737
0.0
0.0
1.0
0.25
0.5
1.1666666666666667
0.375
0.3333333333333333
2.7
0.4
1.25
0.7692307692307693
1.2857142857142858
0.9285714285714286
1.0625
1.375
1.6875
1.0
2.055555555555556
0.85
1.25
1.0454545454545454
1.681818181818182
1.1304347826086956
1.2916666666666667
1.48
1.3333333333333333
1.2857142857142858
1.103448275862069
1.1333333333333333
1.3870967741935485
0.3125
1.34375
1.7058823529411764
1.2857142857142858
0.8285714285714286
1.2432432432432432
0.7631578947368421
0.0
1.5
1.3333333333333333
1.0
0.8
1.8333333333333333
1.0
1.625
0.6666666666666666
1.4444444444444444
1.5454545454545454
1.5
1.6153846153846154
1.4285714285714286
1.4
0.875
1.411764705882353
2.1666666666666665
1.263157894736842
1.0
1.1904761904761905
1.4090909090909092
1.3043478260869563
1.3333333333333333
1.3846153846153846
1.1923076923076923
1.2222222222222223
1.3928571428571428
1.4482758620689655
1.8333333333333333
1.4838709677419355
1.096774193548387
1.5151515151515151
0.9411764705882352
1.542857142857143
2.361111111111111
1.3888888888888888
1.5
0.0
1.5
2.0
1.25
1.5
1.0
1.4285714285714286
1.0
1.4444444444444444
1.9
1.181818181818182
0.9166666666666666
1.4615384615384617
0.7142857142857143
1.5333333333333334
0.8125
1.588235294117647
1.6666666666666667
0.8947368421052632
2.2
1.5714285714285714
1.7727272727272727
1.6956521739130437
1.125
1.72
0.8461538461538461
1.7407407407407407
1.5714285714285714
1.827586206896552
1.8666666666666667
1.3870967741935485
1.78125
0.3333333333333333
1.7647058823529411
2.142857142857143
1.6111111111111112
1.6756756756756757
1.131578947368421
0.0
0.0
0.0
0.75
1.2
1.8333333333333333
0.5714285714285714
1.0
1.6666666666666667
0.9
1.0
1.25
1.3076923076923077
1.3571428571428572
1.2666666666666666
1.5625
1.2941176470588236
2.055555555555556
1.368421052631579
1.1
1.2857142857142858
1.5909090909090908
1.7826086956521738
1.5416666666666667
1.0
1.5384615384615383
0.8148148148148148
1.5714285714285714
1.0
1.6
1.3225806451612905
1.59375
1.5757575757575757
1.2058823529411764
1.5142857142857142
1.3055555555555556
1.2972972972972974
1.5789473684210529
0.0
0.0
0.75
0.6
0.6666666666666666
1.2857142857142858
1.0
0.875
1.1
1.7
1.25
1.1538461538461535
1.1538461538461535
1.4285714285714286
1.7333333333333334
1.0
1.5
1.0
1.0
1.1
1.809523809523809
1.0454545454545454
1.2608695652173914
1.3333333333333333
2.2
2.1538461538461537
1.3571428571428572
0.8571428571428571
1.4137931034482758
0.9666666666666668
1.4516129032258065
1.5
0.8181818181818182
1.4705882352941178
1.4705882352941178
1.1944444444444444
1.5405405405405406
0.7368421052631579
0.0
1.5
0.3333333333333333
1.75
0.8
0.3333333333333333
0.4285714285714285
0.75
1.0
1.0
1.181818181818182
1.25
1.7692307692307692
1.0714285714285714
1.0666666666666669
1.0
0.8823529411764706
1.0
1.105263157894737
1.1
1.7142857142857142
1.1363636363636365
0.8695652173913043
1.125
1.12
1.1111111111111112
1.3703703703703705
1.2413793103448276
1.0689655172413792
1.1666666666666667
1.064516129032258
1.28125
1.0606060606060606
1.3823529411764706
1.3428571428571427
1.7222222222222223
1.3783783783783785
1.868421052631579
0.0
1.0
1.25
1.0
1.1666666666666667
1.4285714285714286
1.0
1.1111111111111112
2.0
0.9090909090909092
0.7272727272727273
1.2307692307692308
1.0714285714285714
1.1428571428571428
1.1875
1.0588235294117647
1.1666666666666667
1.263157894736842
0.65
1.2
1.1428571428571428
0.7727272727272727
2.347826086956522
1.2083333333333333
1.72
1.2592592592592593
1.8928571428571428
1.3214285714285714
1.793103448275862
1.2333333333333334
1.1612903225806452
1.34375
1.2727272727272727
1.3714285714285714
1.3142857142857145
1.4166666666666667
1.4054054054054057
1.7105263157894737
0.0
1.5
2.0
1.0
1.4
0.5
1.8571428571428568
1.75
1.0
1.6666666666666667
0.8181818181818182
1.6666666666666667
1.0769230769230769
1.4285714285714286
1.4666666666666666
1.625
1.5294117647058822
1.5
0.7894736842105263
1.9
1.5714285714285714
1.3333333333333333
1.608695652173913
1.4166666666666667
0.8
1.6153846153846154
1.5555555555555556
0.8214285714285714
2.034482758620689
1.1
1.625
0.71875
1.6666666666666667
1.6470588235294117
1.1764705882352942
1.6388888888888888
1.162162162162162
1.6578947368421053
0.0
0.0
0.6666666666666666
1.75
1.2
1.1666666666666667
1.7142857142857142
1.375
1.6666666666666667
1.9
1.7272727272727273
1.9166666666666667
1.0
1.7142857142857142
1.8
0.8125
1.8235294117647056
0.5555555555555556
1.4210526315789471
1.85
0.9523809523809524
1.8636363636363635
1.826086956521739
1.125
1.8
1.6666666666666667
1.037037037037037
0.7586206896551724
0.9666666666666668
1.8387096774193548
1.875
1.93939393939394
1.9411764705882355
1.088235294117647
1.6285714285714286
1.8857142857142857
2.1621621621621623
1.8157894736842104
0.0
1.5
2.0
0.5
0.4
0.8333333333333334
0.8571428571428571
1.25
1.0
1.4
1.181818181818182
1.5
1.3076923076923077
0.7857142857142857
1.2
0.875
1.2352941176470589
1.0555555555555556
1.105263157894737
1.05
2.1904761904761907
0.9545454545454546
1.0
1.5833333333333333
1.08
0.6538461538461539
1.037037037037037
1.0
1.206896551724138
1.0333333333333334
1.7096774193548387
1.15625
0.7878787878787878
1.911764705882353
1.2058823529411764
1.0
1.1891891891891893
1.605263157894737
0.0
0.5
2.0
1.0
0.8
1.3333333333333333
1.2857142857142858
1.375
1.7777777777777777
1.3
0.5454545454545454
1.3333333333333333
0.3846153846153846
1.4285714285714286
1.4666666666666666
1.375
2.0588235294117645
1.2777777777777777
1.368421052631579
1.75
1.2857142857142858
1.2727272727272727
0.9565217391304348
0.875
1.28
1.1153846153846154
1.2962962962962965
1.5357142857142858
1.7333333333333334
1.21875
1.21875
1.2121212121212122
1.4242424242424243
1.2058823529411764
1.1714285714285717
1.2222222222222223
1.1891891891891893
0.8947368421052632
0.0
0.5
0.3333333333333333
1.75
1.0
2.1666666666666665
1.4285714285714286
1.75
1.6666666666666667
1.0
1.6363636363636365
0.4166666666666667
1.4615384615384617
1.4285714285714286
1.3333333333333333
2.125
2.0
1.2777777777777777
1.368421052631579
1.2
2.0
1.5
1.565217391304348
1.0833333333333333
1.6
0.7307692307692307
1.6296296296296295
1.4285714285714286
0.75
1.6206896551724137
1.6666666666666667
1.125
1.09375
1.6363636363636365
2.294117647058824
1.6111111111111112
1.1111111111111112
1.605263157894737
0.0
1.5
1.3333333333333333
1.0
0.8
0.5
1.2857142857142858
0.875
1.4444444444444444
0.8
1.3636363636363635
0.9166666666666666
0.9230769230769232
0.7142857142857143
1.0
1.125
1.1176470588235294
0.6666666666666666
2.0
1.3
1.2857142857142858
2.0
1.173913043478261
0.7916666666666666
1.36
1.1923076923076923
1.0
1.2142857142857142
1.1724137931034482
1.1333333333333333
1.1935483870967742
2.6129032258064515
1.96875
1.2121212121212122
1.1714285714285717
1.2
0.8888888888888888
1.2894736842105263
