0.0
-1.5
0.6666666666666666
0.0
0.2
-0.6666666666666666
1.0
0.0
-0.1111111111111111
0.7
0.5454545454545454
-0.5833333333333334
-0.3846153846153846
-0.9285714285714286
0.0666666666666666
0.125
-0.4117647058823529
-0.2222222222222222
0.0
0.3
-0.0952380952380952
-0.1818181818181818
-0.0869565217391304
0.125
1.2307692307692308
-0.4230769230769231
-0.4615384615384615
0.4444444444444444
-0.2142857142857142
0.4
0.0967741935483871
0.25
0.2121212121212121
-0.4545454545454545
0.6470588235294118
0.4
0.4444444444444444
-0.3947368421052631
0.0
1.0
1.5
-0.5
1.0
-0.3333333333333333
0.2857142857142857
-0.625
-0.4444444444444444
0.0
0.0909090909090909
-0.25
-0.5384615384615384
0.6666666666666666
-0.0666666666666666
0.4375
0.3529411764705882
-0.1666666666666666
-0.3684210526315789
0.0
-0.0476190476190476
-0.1818181818181818
0.217391304347826
0.3333333333333333
0.04
-0.7692307692307693
0.7777777777777778
-0.5357142857142857
0.1379310344827586
-0.1666666666666666
-0.1290322580645161
0.7419354838709677
0.0
0.5294117647058824
0.4857142857142857
0.0555555555555555
0.0
1.0789473684210529
0.0
0.0
1.3333333333333333
-0.3333333333333333
-0.6
-0.5
-0.2857142857142857
-0.375
0.3333333333333333
-1.0
-0.2727272727272727
-0.25
0.6923076923076923
-0.2142857142857142
0.9333333333333332
-0.25
-0.0588235294117647
0.2777777777777778
-0.0526315789473684
-0.4736842105263157
0.7142857142857143
0.2272727272727272
-0.1739130434782608
0.7083333333333334
-0.625
0.4230769230769231
-0.2222222222222222
0.2142857142857142
-0.4482758620689655
0.7666666666666667
0.4193548387096774
-0.34375
-0.9696969696969696
0.0294117647058823
0.1142857142857142
0.3888888888888889
-0.4594594594594595
-0.5526315789473685
0.0
-1.5
0.0
0.5
0.4
-0.6666666666666666
0.0
-0.375
-0.4444444444444444
0.0
-1.181818181818182
-0.1666666666666666
0.0
0.1428571428571428
-0.3333333333333333
0.125
0.0588235294117647
1.1111111111111112
-0.3157894736842105
-1.1
0.1904761904761904
-0.3333333333333333
0.391304347826087
-1.1666666666666667
0.4
0.2307692307692307
-0.4074074074074074
0.1785714285714285
-0.2068965517241379
-0.1333333333333333
0.3548387096774194
-0.0967741935483871
-0.1818181818181818
0.9705882352941176
0.1176470588235294
-0.2777777777777778
-0.2972972972972973
-0.0263157894736842
0.0
0.5
0.75
-0.5
-0.6
0.0
-0.8571428571428571
0.75
1.2222222222222223
-1.3
0.7272727272727273
0.25
-1.1666666666666667
0.8571428571428571
-0.6666666666666666
0.4375
0.5294117647058824
-1.2222222222222223
0.7368421052631579
-0.6
-0.5238095238095238
0.5909090909090909
-0.3478260869565217
0.4166666666666667
1.08
-1.1153846153846154
-0.6296296296296297
-0.5925925925925926
0.6896551724137931
-0.2333333333333333
-0.8709677419354839
0.78125
-0.2941176470588235
0.5588235294117647
-0.6571428571428571
0.4864864864864865
0.5135135135135135
-0.1578947368421052
0.0
0.5
-0.6666666666666666
0.5
1.0
-0.6666666666666666
1.0
1.3333333333333333
-2.3
0.2
-0.4166666666666667
-0.1538461538461538
-0.3571428571428571
0.3571428571428571
0.875
-0.3125
-0.625
0.0
-1.1111111111111112
-0.55
-0.4
-0.2727272727272727
-0.6363636363636364
0.3478260869565217
-0.0833333333333333
-0.28
-0.1111111111111111
0.2142857142857142
0.1724137931034483
0.2
0.4838709677419355
1.03125
-0.03125
-0.3823529411764705
1.1428571428571428
0.4571428571428571
-0.054054054054054
0.5263157894736842
0.0
-1.5
-0.3333333333333333
0.75
1.2
-0.8333333333333334
0.7142857142857143
-1.0
0.7777777777777778
0.4444444444444444
-0.3636363636363636
-0.0833333333333333
-0.3076923076923077
-0.8571428571428571
0.9333333333333332
0.4375
0.0588235294117647
-0.8333333333333334
0.1052631578947368
0.35
0.1428571428571428
-0.2272727272727272
0.0434782608695652
-0.4166666666666667
0.5
0.1923076923076923
0.2222222222222222
-0.7142857142857143
-0.4137931034482758
-0.4
-0.3870967741935484
0.3870967741935484
0.0909090909090909
0.5588235294117647
-0.7142857142857143
-0.8611111111111112
0.1111111111111111
0.6578947368421053
0.0
-1.5
-1.6666666666666667
0.25
-1.5
0.4
0.0
0.25
0.1111111111111111
-0.6
-0.6363636363636364
0.4166666666666667
0.3846153846153846
0.7142857142857143
0.2
0.6875
-0.2941176470588235
0.5
0.6842105263157895
-0.55
-0.6190476190476191
-0.1363636363636363
-0.8260869565217391
0.625
-0.2
0.8461538461538461
-0.1111111111111111
0.2142857142857142
-0.896551724137931
-1.2
0.4193548387096774
0.0625
1.393939393939394
-0.8823529411764706
-0.4
0.0833333333333333
0.4054054054054054
0.5
0.0
0.0
1.0
0.0
0.2
-0.6666666666666666
0.4285714285714285
0.7142857142857143
-0.7777777777777778
-0.1
0.0909090909090909
-0.1666666666666666
0.0769230769230769
-0.4285714285714285
-0.2666666666666666
-0.1875
-0.2352941176470588
-0.6666666666666666
-0.3157894736842105
0.35
0.238095238095238
0.5
-0.217391304347826
0.6666666666666666
0.5416666666666666
-0.5
0.7037037037037037
-0.6071428571428571
0.5517241379310345
-0.5333333333333333
0.2258064516129032
0.03125
0.4545454545454545
0.3529411764705882
-0.5142857142857142
0.25
0.2432432432432432
-0.1842105263157894
0.0
1.0
0.0
0.6
0.3333333333333333
-1.2857142857142858
0.25
0.375
0.0
-0.6
-0.4166666666666667
0.7692307692307693
-0.3076923076923077
-0.3571428571428571
-0.7333333333333333
1.25
-0.5
0.1052631578947368
0.0
0.95
-0.7142857142857143
0.1363636363636363
-0.3043478260869565
0.25
-0.92
-0.8076923076923077
0.2857142857142857
0.5
0.0689655172413793
0.4333333333333333
0.2580645161290322
-0.53125
0.6666666666666666
0.1470588235294117
-0.2352941176470588
0.3055555555555556
-0.3513513513513513
0.7894736842105263
0.0
-1.5
0.6666666666666666
-1.5
-0.4
0.8333333333333334
0.5714285714285714
0.0
0.5555555555555556
0.0
0.0
-0.0833333333333333
-0.6153846153846154
0.2857142857142857
0.0
0.8125
0.1176470588235294
0.7777777777777778
-0.4210526315789473
0.1
-0.6666666666666666
0.0
0.2608695652173913
0.7916666666666666
-0.04
0.1111111111111111
-0.2592592592592592
0.0
0.1724137931034483
0.0666666666666666
0.2258064516129032
-0.28125
0.2727272727272727
0.6764705882352942
-0.3714285714285714
-0.3888888888888889
-0.2162162162162162
-0.5263157894736842
0.0
-1.0
-0.25
0.4
1.0
-0.4285714285714285
0.8571428571428571
-0.3333333333333333
-1.0
1.0909090909090908
0.1818181818181818
-0.5384615384615384
0.0714285714285714
0.5
-0.125
0.1176470588235294
-0.2222222222222222
-0.1052631578947368
0.55
0.9
-0.0476190476190476
0.3636363636363636
-1.2173913043478262
-0.5833333333333334
-0.52
-0.4814814814814814
-0.5714285714285714
0.0714285714285714
-0.5172413793103449
0.0666666666666666
0.1290322580645161
-0.125
0.0606060606060606
0.9714285714285714
0.0571428571428571
-0.2222222222222222
-0.7567567567567568
-0.3157894736842105
0.0
-1.5
-0.6666666666666666
0.5
0.0
1.1666666666666667
-1.2857142857142858
-1.5
0.6666666666666666
-0.2222222222222222
0.7272727272727273
-0.9166666666666666
0.4615384615384615
0.0714285714285714
0.6666666666666666
-0.1875
-0.1764705882352941
-0.2222222222222222
0.7894736842105263
-0.25
-0.6190476190476191
0.238095238095238
-0.6521739130434783
0.1666666666666666
0.84
0.7692307692307693
-0.4814814814814814
0.6785714285714286
-0.4827586206896552
0.5
0.15625
0.90625
0.1212121212121212
-0.6470588235294118
0.4705882352941176
-0.1388888888888889
0.4594594594594595
0.2368421052631578
0.0
0.5
0.3333333333333333
-1.0
-0.2
0.3333333333333333
-0.2857142857142857
0.125
-0.5555555555555556
-0.1
-1.4545454545454546
-0.25
0.6153846153846154
-0.1428571428571428
0.4666666666666667
0.9375
-0.6470588235294118
1.3333333333333333
0.3684210526315789
-0.8
0.8571428571428571
-0.9090909090909092
0.0434782608695652
0.625
-0.04
0.4444444444444444
0.6296296296296297
1.0
0.8333333333333334
-0.3548387096774194
-1.125
-0.0303030303030303
-1.1764705882352942
0.8529411764705882
0.2571428571428571
-0.5142857142857142
-0.2972972972972973
-0.8421052631578947
0.0
-1.0
-1.3333333333333333
0.0
0.6
0.1666666666666666
0.2857142857142857
-0.5
-0.5555555555555556
-0.2
-0.1818181818181818
-0.3333333333333333
0.0
0.4285714285714285
0.8
0.25
0.2941176470588235
0.1111111111111111
0.1052631578947368
-0.25
-1.1904761904761905
0.0454545454545454
0.0
-0.5
1.16
0.3846153846153846
0.7407407407407407
0.3928571428571428
-0.2413793103448276
-0.3
-0.6129032258064516
0.28125
0.3636363636363636
-0.7058823529411765
-0.2647058823529412
0.2222222222222222
0.081081081081081
-0.3684210526315789
0.0
0.0
-0.6666666666666666
-0.5
0.2
0.0
-0.1428571428571428
0.125
-0.3333333333333333
0.6
0.6363636363636364
0.3333333333333333
0.9230769230769232
-0.7857142857142857
-0.0666666666666666
-0.5625
-0.7058823529411765
-0.3333333333333333
0.0
-0.45
0.5714285714285714
-0.1818181818181818
0.3043478260869565
0.3333333333333333
0.04
0.2307692307692307
-0.7037037037037037
-0.1785714285714285
-0.4666666666666667
0.4375
-0.0625
-0.0909090909090909
-0.2121212121212121
0.3823529411764705
0.0
0.8888888888888888
-0.2432432432432432
0.2631578947368421
0.0
1.0
1.0
-1.5
1.0
-1.5
0.4285714285714285
0.5
-0.8888888888888888
0.5
0.3636363636363636
1.0833333333333333
-0.3846153846153846
-0.0714285714285714
-0.1333333333333333
-0.875
-0.6470588235294118
-0.3333333333333333
-0.7368421052631579
0.15
-0.5714285714285714
-0.7727272727272727
-0.3478260869565217
0.4583333333333333
-0.76
0.8461538461538461
0.3333333333333333
0.1428571428571428
0.8214285714285714
0.2758620689655172
0.1333333333333333
0.46875
0.5
-0.5454545454545454
-0.6176470588235294
-0.7222222222222222
0.5
0.2894736842105263
0.0
0.0
-0.3333333333333333
0.0
1.2
0.1666666666666666
-0.2857142857142857
0.0
-0.5555555555555556
0.1
-0.6363636363636364
-0.5833333333333334
0.0769230769230769
0.1428571428571428
0.0
0.6875
-0.2352941176470588
0.5555555555555556
-0.6842105263157895
-0.6
-0.4761904761904761
-0.7727272727272727
0.6086956521739131
0.3333333333333333
-0.24
0.4230769230769231
0.1481481481481481
-0.1428571428571428
0.1034482758620689
0.0
-0.3225806451612903
-1.4193548387096775
-0.71875
-0.2424242424242424
0.0285714285714285
-0.2
0.3611111111111111
-0.2631578947368421
