0.0
-1.0
0.3333333333333333
0.0
0.2
0.1666666666666666
0.7142857142857143
-0.125
-0.4444444444444444
0.3
0.3636363636363636
-0.4166666666666667
-1.0769230769230769
-0.3571428571428571
-0.2
-0.0625
-0.7058823529411765
-0.5
-0.2631578947368421
-0.5
-0.5714285714285714
-0.5454545454545454
-0.6956521739130435
-0.4166666666666667
1.5769230769230769
-0.4230769230769231
-0.4230769230769231
0.1481481481481481
-0.3571428571428571
0.0
-0.0967741935483871
-0.34375
0.1212121212121212
-0.2727272727272727
0.6176470588235294
-0.3142857142857143
0.5833333333333334
-0.3684210526315789
0.0
0.5
0.5
0.25
0.75
-0.1666666666666666
-0.4285714285714285
-0.625
0.2222222222222222
0.3
0.0909090909090909
0.0833333333333333
-1.2307692307692308
0.2
0.1333333333333333
0.0625
0.5294117647058824
-0.2222222222222222
0.0
-0.1
-0.4285714285714285
-0.2727272727272727
0.1739130434782608
0.125
-0.2
-0.2307692307692307
0.5185185185185185
-0.25
-0.4482758620689655
-0.2666666666666666
-0.6774193548387096
0.4516129032258064
-0.303030303030303
0.8235294117647058
-0.3142857142857143
-0.2222222222222222
-0.2702702702702703
1.105263157894737
0.0
0.0
0.3333333333333333
-0.6666666666666666
-0.8
-0.3333333333333333
-0.4285714285714285
-0.25
0.3333333333333333
0.0
-0.5454545454545454
0.0833333333333333
0.0
0.3571428571428571
0.1333333333333333
0.125
0.1176470588235294
0.0
0.4736842105263157
-0.2105263157894736
0.0476190476190476
0.0454545454545454
-0.0434782608695652
0.0
-0.5833333333333334
0.0769230769230769
0.037037037037037
0.1071428571428571
0.0689655172413793
0.1333333333333333
1.032258064516129
0.09375
-0.8787878787878788
0.1470588235294117
0.7714285714285715
0.0277777777777777
-0.3243243243243243
0.0
0.0
-0.5
0.3333333333333333
0.25
-0.4
-1.3333333333333333
-0.4285714285714285
-0.875
-0.2222222222222222
-0.4
-0.1818181818181818
-0.5
-0.3076923076923077
-0.5714285714285714
-0.2666666666666666
-0.1875
-0.1764705882352941
1.2777777777777777
-0.1578947368421052
-0.1
0.1428571428571428
-0.0952380952380952
0.3478260869565217
-0.1666666666666666
-0.12
0.0
-0.2962962962962963
-0.2142857142857142
-0.4482758620689655
-0.1666666666666666
0.3225806451612903
-0.1612903225806451
-0.8787878787878788
0.9705882352941176
-0.1470588235294117
-1.0555555555555556
-0.1891891891891892
-0.0789473684210526
0.0
0.0
0.0
0.0
0.4
0.1666666666666666
0.0
0.375
0.2222222222222222
-0.7
0.3636363636363636
1.0833333333333333
-0.25
0.2857142857142857
0.0
0.3125
0.3529411764705882
-0.7777777777777778
0.3684210526315789
-0.35
0.238095238095238
0.1363636363636363
0.2608695652173913
0.1666666666666666
0.12
-0.5769230769230769
0.1481481481481481
-0.1481481481481481
0.1724137931034483
0.3666666666666666
-0.7096774193548387
0.0625
0.2058823529411764
0.2058823529411764
-0.4571428571428571
0.1891891891891892
1.2162162162162162
0.1052631578947368
0.0
0.0
-0.3333333333333333
-0.5
0.8333333333333334
-0.8333333333333334
0.125
0.4444444444444444
-1.0
-0.6
-0.6666666666666666
-1.0
-0.7857142857142857
0.0
0.6875
-0.5625
-0.5625
-0.4705882352941176
-0.7777777777777778
-1.1
-1.0
-0.7727272727272727
-0.7727272727272727
-0.0869565217391304
-0.625
-0.6
-0.1851851851851851
0.1785714285714285
-0.5172413793103449
-0.4333333333333333
0.6129032258064516
-0.375
-0.15625
-0.3529411764705882
1.3142857142857145
-0.3714285714285714
-0.2432432432432432
-0.3947368421052631
0.0
-1.5
0.0
0.75
1.2
-0.3333333333333333
0.8571428571428571
-0.75
0.5555555555555556
1.2222222222222223
-0.3636363636363636
0.5
0.3846153846153846
-0.7857142857142857
1.5333333333333334
0.1875
0.4117647058823529
0.1666666666666666
-0.1578947368421052
0.2
0.1904761904761904
-0.3181818181818182
0.2608695652173913
-0.625
0.8461538461538461
0.3076923076923077
0.3333333333333333
-0.7857142857142857
-0.5517241379310345
0.3666666666666666
-0.1935483870967742
0.3870967741935484
0.0
0.4411764705882353
-0.8857142857142857
0.4166666666666667
0.4166666666666667
1.0526315789473684
0.0
-0.5
-0.3333333333333333
0.5
-1.25
0.4
0.4285714285714285
0.0
0.3333333333333333
0.1
-1.5454545454545454
0.1666666666666666
0.7692307692307693
0.2857142857142857
0.8
0.625
0.3529411764705882
1.2222222222222223
0.7368421052631579
0.8
-0.7142857142857143
0.6818181818181818
-0.6521739130434783
0.7083333333333334
0.04
0.6538461538461539
0.1851851851851851
0.7142857142857143
-0.6896551724137931
-0.7666666666666667
0.7096774193548387
0.96875
0.6363636363636364
-0.3823529411764705
0.6285714285714286
0.5833333333333334
1.108108108108108
0.5263157894736842
0.0
-0.5
0.0
-0.5
-0.6
-0.3333333333333333
-0.5714285714285714
1.1428571428571428
-0.6666666666666666
-0.4
-0.4545454545454545
-0.3333333333333333
-0.1538461538461538
-0.2142857142857142
-0.2
-0.125
0.3529411764705882
-0.1111111111111111
-0.5263157894736842
-0.05
0.0952380952380952
1.0
0.1739130434782608
1.25
0.1666666666666666
-0.3461538461538461
0.2222222222222222
-0.4642857142857143
0.2758620689655172
-0.4666666666666667
0.2903225806451613
0.1875
1.0606060606060606
0.3823529411764705
-0.4285714285714285
0.3888888888888889
0.3783783783783784
0.1842105263157894
0.0
-0.3333333333333333
-1.25
-0.4
-0.5
-1.2857142857142858
-0.25
-0.25
-0.1
-0.3
-0.25
0.8461538461538461
-1.1538461538461535
-0.4285714285714285
-0.5333333333333333
1.6875
-0.4444444444444444
-0.1578947368421052
-0.4210526315789473
1.5
-0.2857142857142857
-0.1818181818181818
-1.0
0.5833333333333334
-0.08
-0.0384615384615384
0.7857142857142857
0.0
-0.0344827586206896
0.1333333333333333
0.5161290322580645
-0.6875
0.2424242424242424
0.3529411764705882
-0.4411764705882353
0.25
-0.2972972972972973
0.2631578947368421
0.0
-0.5
-1.0
-0.5
-0.4
0.1666666666666666
-0.1428571428571428
-0.125
0.3333333333333333
0.1
-0.5454545454545454
0.1666666666666666
0.1538461538461538
0.1428571428571428
0.0666666666666666
1.1875
-0.1176470588235294
0.6111111111111112
-0.7894736842105263
-0.05
-0.1428571428571428
-0.1818181818181818
-0.0869565217391304
1.0833333333333333
-0.12
-0.037037037037037
-0.1111111111111111
0.1379310344827586
0.0
0.0
0.032258064516129
-0.53125
0.1212121212121212
1.1176470588235294
-0.6571428571428571
0.1388888888888889
-0.4324324324324324
0.131578947368421
-0.5
-1.0
0.0
0.4
2.0
-0.2857142857142857
0.7142857142857143
0.1111111111111111
-0.3
0.7272727272727273
-0.3636363636363636
-0.7692307692307693
-0.1428571428571428
0.2142857142857142
-0.1875
-0.1176470588235294
0.0
-0.3684210526315789
-0.1
0.8
-0.1904761904761904
-0.1818181818181818
-0.1739130434782608
-1.1666666666666667
-0.12
-0.6666666666666666
0.0
0.1428571428571428
-0.1034482758620689
0.0
-0.064516129032258
-0.21875
0.0
1.542857142857143
0.1142857142857142
-0.4444444444444444
-1.108108108108108
0.2105263157894736
0.0
-0.5
1.0
0.25
1.2
0.6666666666666666
-0.8571428571428571
-1.25
0.6666666666666666
0.5555555555555556
0.5454545454545454
-0.4166666666666667
0.4615384615384615
0.4285714285714285
1.1333333333333333
0.375
0.1176470588235294
0.0555555555555555
0.4210526315789473
0.45
-0.5238095238095238
0.3809523809523809
-0.4347826086956521
0.375
0.4
1.1153846153846154
-0.5555555555555556
0.25
0.3103448275862069
0.3666666666666666
0.46875
0.375
0.8787878787878788
-0.2352941176470588
0.4117647058823529
0.6944444444444444
0.3783783783783784
0.9210526315789472
0.0
0.0
-0.3333333333333333
0.0
0.2
0.3333333333333333
1.0
0.125
-0.1111111111111111
0.4
-1.3636363636363635
0.3333333333333333
0.3076923076923077
0.3571428571428571
1.2666666666666666
0.5625
0.0588235294117647
0.7222222222222222
0.631578947368421
-0.55
0.6190476190476191
-0.2272727272727272
1.0869565217391304
0.4583333333333333
-0.04
1.0
0.3703703703703703
0.4137931034482758
0.4333333333333333
-0.064516129032258
-1.25
0.6363636363636364
-0.7352941176470589
0.6470588235294118
0.6
0.1428571428571428
0.5675675675675675
-0.3421052631578947
0.0
0.0
0.0
-0.75
-0.2
-0.1666666666666666
0.2857142857142857
-0.375
-1.0
0.2
-0.6363636363636364
0.1666666666666666
-0.0769230769230769
0.1428571428571428
1.1333333333333333
0.0625
0.7058823529411765
0.0
-0.3684210526315789
-0.4
-0.1904761904761904
-0.1818181818181818
-0.3478260869565217
-0.125
1.32
-0.1538461538461538
0.7407407407407407
-0.1071428571428571
-0.2758620689655172
-0.7333333333333333
-0.1290322580645161
-0.0625
-0.0909090909090909
-0.0588235294117647
-0.6176470588235294
0.0
0.0
-0.0263157894736842
0.0
0.0
1.0
-0.25
0.2
0.3333333333333333
-0.2857142857142857
0.5
0.4444444444444444
0.9
0.0
0.5833333333333334
0.3076923076923077
-0.9285714285714286
0.5333333333333333
-0.625
0.4705882352941176
-0.7222222222222222
0.4210526315789473
0.35
0.8571428571428571
-0.1363636363636363
0.3043478260869565
0.25
-0.16
0.4615384615384615
-0.9629629629629628
0.4642857142857143
0.3333333333333333
0.375
-0.1875
-0.2121212121212121
0.2727272727272727
0.3823529411764705
0.1428571428571428
0.8333333333333334
-0.4594594594594595
0.0263157894736842
0.0
0.5
0.3333333333333333
-0.5
1.0
-1.0
0.8571428571428571
1.375
-0.6666666666666666
0.5
1.0909090909090908
0.1666666666666666
0.0
0.0714285714285714
-0.4
0.0
0.0588235294117647
-0.3333333333333333
-1.3157894736842106
0.1
0.238095238095238
-0.4545454545454545
-0.2608695652173913
0.4166666666666667
-0.32
0.5
1.1851851851851851
0.5
0.5
0.8620689655172413
0.6333333333333333
0.59375
0.59375
-0.4545454545454545
0.6764705882352942
-0.8055555555555556
0.5555555555555556
0.8157894736842105
0.0
1.0
0.0
-0.25
2.0
-1.3333333333333333
-1.0
-0.5
-0.8888888888888888
-0.2
-1.181818181818182
-1.5
-0.3846153846153846
-1.0714285714285714
-0.7333333333333333
0.875
-0.5294117647058824
-0.4444444444444444
-0.3157894736842105
-0.65
-0.6190476190476191
-0.3181818181818182
0.9130434782608696
-0.5416666666666666
-0.52
0.4615384615384615
-0.5925925925925926
-0.3571428571428571
-0.1034482758620689
-0.5333333333333333
-0.9032258064516128
-0.4516129032258064
-0.40625
-0.5757575757575758
-0.4285714285714285
-0.7714285714285715
-0.3888888888888889
-0.5789473684210527
