0.0
0.0
1.0
1.0
1.0
1.1666666666666667
2.0
1.0
0.8888888888888888
1.6
1.6363636363636365
1.0
0.5384615384615384
1.0714285714285714
1.2
1.4375
0.8235294117647058
1.1666666666666667
1.1578947368421053
1.1
0.9523809523809524
1.0
0.9130434782608696
1.0833333333333333
2.269230769230769
1.0384615384615383
1.0384615384615383
1.4814814814814814
1.1071428571428572
1.4666666666666666
1.1290322580645162
1.09375
1.3636363636363635
1.1515151515151516
1.7647058823529411
1.0857142857142856
1.5
1.0789473684210529
0.0
1.5
1.5
1.25
1.75
0.8333333333333334
1.0
0.625
1.2222222222222223
1.4
1.3636363636363635
1.25
0.6923076923076923
1.3333333333333333
1.2666666666666666
1.25
1.7058823529411764
1.1111111111111112
1.2105263157894737
1.15
1.0476190476190477
1.0454545454545454
1.3478260869565215
1.4583333333333333
1.12
1.0769230769230769
1.8148148148148149
1.0357142857142858
1.1724137931034482
1.0
0.935483870967742
1.806451612903225
1.0909090909090908
1.6764705882352942
1.1142857142857143
1.1666666666666667
1.162162162162162
2.210526315789474
0.0
0.5
1.3333333333333333
1.0
0.4
0.8333333333333334
0.8571428571428571
1.0
1.5555555555555556
1.2222222222222223
1.0
1.1666666666666667
1.5384615384615383
1.4285714285714286
1.7333333333333334
1.5625
1.7058823529411764
1.6111111111111112
1.631578947368421
1.2105263157894737
1.619047619047619
1.5909090909090908
1.391304347826087
1.5
0.875
1.6153846153846154
1.4444444444444444
1.6071428571428572
1.206896551724138
1.6333333333333333
2.032258064516129
1.5625
0.6363636363636364
1.6470588235294117
1.7142857142857142
1.5555555555555556
1.135135135135135
1.5526315789473684
0.0
0.0
1.0
1.0
0.8
0.1666666666666666
0.7142857142857143
0.625
0.8888888888888888
0.9
0.9090909090909092
0.6666666666666666
0.7692307692307693
1.0714285714285714
0.8666666666666667
1.0
1.0
2.2222222222222223
1.0526315789473684
1.15
1.3333333333333333
1.1428571428571428
1.434782608695652
1.0416666666666667
1.4
1.1923076923076923
0.9629629629629628
1.0357142857142858
0.896551724137931
1.1
1.4516129032258065
1.096774193548387
0.9393939393939394
2.088235294117647
1.1176470588235294
0.8055555555555556
1.054054054054054
1.0
0.0
0.5
1.5
1.0
0.8
1.6666666666666667
1.0
2.0
1.7777777777777777
0.6
2.0
2.1666666666666665
0.75
1.8571428571428568
1.2666666666666666
1.875
1.9411764705882355
0.7777777777777778
1.947368421052632
1.4
1.380952380952381
1.818181818181818
1.5217391304347827
1.8333333333333333
1.76
0.6923076923076923
1.7777777777777777
1.1851851851851851
1.7586206896551724
1.4666666666666666
0.7741935483870968
1.59375
1.6764705882352942
1.6764705882352942
1.0
1.648648648648649
2.1621621621621623
1.4473684210526316
0.0
0.5
0.3333333333333333
0.75
1.5
0.5
1.375
1.6666666666666667
0.4
0.6
0.8333333333333334
0.6153846153846154
0.9285714285714286
1.2857142857142858
1.9375
1.0625
1.0625
1.0
0.9444444444444444
0.3
0.85
0.7727272727272727
1.0454545454545454
1.4782608695652173
1.2083333333333333
1.2
1.2222222222222223
1.5
1.2758620689655171
1.3333333333333333
1.870967741935484
1.34375
1.3125
1.3235294117647058
2.4285714285714284
1.2857142857142858
1.1891891891891893
1.2894736842105263
0.0
0.0
1.0
1.75
2.0
1.0
1.7142857142857142
0.625
1.4444444444444444
1.8888888888888888
1.181818181818182
1.4166666666666667
1.3076923076923077
0.5714285714285714
2.333333333333333
1.3125
1.4705882352941178
1.3333333333333333
1.368421052631579
1.35
1.3333333333333333
1.181818181818182
1.3478260869565215
0.9166666666666666
1.8846153846153848
1.3846153846153846
1.4444444444444444
0.6785714285714286
1.0344827586206895
1.4333333333333331
1.096774193548387
1.4838709677419355
1.606060606060606
1.5
0.8285714285714286
1.5
1.5
2.1578947368421053
0.0
0.0
0.3333333333333333
1.5
0.0
1.4
1.4285714285714286
1.25
1.5555555555555556
1.3
0.5454545454545454
1.3333333333333333
1.8461538461538465
1.4285714285714286
1.7333333333333334
1.5
1.2941176470588236
2.1666666666666665
1.5789473684210529
1.65
0.9523809523809524
1.6363636363636365
0.8695652173913043
1.75
1.52
1.6923076923076923
1.6296296296296295
1.7857142857142858
0.9310344827586208
0.6666666666666666
1.806451612903225
1.84375
1.7272727272727273
0.8823529411764706
1.7428571428571429
1.6944444444444444
2.081081081081081
1.631578947368421
0.0
0.0
1.0
0.75
1.4
1.1666666666666667
1.0
1.7142857142857142
0.8888888888888888
0.8
1.0909090909090908
1.0833333333333333
1.3846153846153846
0.9285714285714286
1.0
1.375
1.0588235294117647
1.3888888888888888
1.0526315789473684
1.45
1.5238095238095235
2.090909090909091
1.565217391304348
2.208333333333333
1.5416666666666667
1.0384615384615383
1.5185185185185186
0.9642857142857144
1.5517241379310345
1.0666666666666669
1.5483870967741935
1.625
2.0303030303030303
1.5588235294117647
1.0
1.5555555555555556
1.5405405405405406
1.394736842105263
0.0
1.0
0.75
1.2
1.0
0.0
1.25
1.25
1.1
1.1
0.8333333333333334
1.9230769230769231
0.8461538461538461
1.0714285714285714
1.0
2.25
1.0
1.105263157894737
1.0
2.05
1.0952380952380951
1.181818181818182
0.9565217391304348
1.5833333333333333
1.28
1.3461538461538465
1.6428571428571428
1.3571428571428572
1.4827586206896552
1.4
1.7096774193548387
0.96875
1.4848484848484849
1.6176470588235294
1.2352941176470589
1.5
1.1891891891891893
1.5263157894736843
0.0
0.0
1.0
0.25
0.4
1.1666666666666667
1.0
0.75
1.5555555555555556
1.0
1.181818181818182
1.1666666666666667
1.1538461538461535
1.3571428571428572
1.0666666666666669
1.8125
1.0
1.7777777777777777
0.6842105263157895
1.2
1.0476190476190477
1.1363636363636365
1.1304347826086956
1.9166666666666667
1.08
1.2222222222222223
1.1111111111111112
1.2413793103448276
1.2413793103448276
1.2333333333333334
1.2903225806451613
1.0
1.3333333333333333
2.0588235294117645
0.9714285714285714
1.3333333333333333
1.162162162162162
1.3421052631578947
0.0
0.0
1.0
1.4
2.1666666666666665
1.0
1.8571428571428568
0.7777777777777778
1.0
2.0
0.9090909090909092
0.6923076923076923
1.1428571428571428
1.6428571428571428
1.0625
1.1764705882352942
0.9444444444444444
1.1578947368421053
1.2
2.1
1.0952380952380951
1.1363636363636365
1.1304347826086956
0.625
1.2
0.7777777777777778
1.3214285714285714
1.3928571428571428
1.2758620689655171
1.3
1.2903225806451613
1.21875
1.3333333333333333
2.342857142857143
1.3714285714285714
1.1944444444444444
0.6486486486486487
1.394736842105263
0.0
0.0
1.3333333333333333
1.5
1.4
1.6666666666666667
0.5714285714285714
0.25
1.6666666666666667
1.4444444444444444
1.5454545454545454
0.75
1.5384615384615383
1.5
2.1333333333333333
1.4375
1.3529411764705883
1.2777777777777777
1.5789473684210529
1.65
0.9523809523809524
1.5714285714285714
0.9565217391304348
1.5833333333333333
1.64
2.3846153846153846
1.0740740740740742
1.5
1.5517241379310345
1.6
1.78125
1.625
1.7878787878787878
1.0
1.6470588235294117
1.5
1.6216216216216215
1.894736842105263
0.0
0.5
1.0
0.75
1.0
1.5
1.4285714285714286
1.5
1.1111111111111112
1.8
0.2727272727272727
1.6666666666666667
1.6153846153846154
1.5714285714285714
2.2666666666666666
1.75
1.1764705882352942
1.8888888888888888
1.7894736842105263
1.05
1.809523809523809
0.9545454545454546
1.8695652173913044
1.75
1.76
2.111111111111111
1.6666666666666667
1.7586206896551724
1.8
1.4838709677419355
0.75
1.9090909090909087
0.7647058823529411
1.9411764705882355
1.8857142857142857
1.3714285714285714
1.864864864864865
0.9736842105263158
0.0
0.5
0.6666666666666666
0.5
1.0
1.0
1.1428571428571428
0.75
0.4444444444444444
1.2
1.0
1.1666666666666667
1.3076923076923077
1.2142857142857142
2.0
1.125
1.5294117647058822
1.1666666666666667
1.2105263157894737
0.8
1.0
1.0
1.0
1.0833333333333333
2.24
1.0384615384615383
1.7777777777777777
1.3928571428571428
0.9655172413793104
0.7333333333333333
1.096774193548387
1.4375
1.1515151515151516
1.2058823529411764
0.9411764705882352
1.2222222222222223
1.2702702702702702
1.236842105263158
0.0
0.5
1.3333333333333333
0.5
1.0
1.3333333333333333
1.1428571428571428
1.5
1.4444444444444444
1.9
1.181818181818182
1.6666666666666667
1.3076923076923077
0.6428571428571429
1.4
0.8125
1.3529411764705883
0.9444444444444444
1.368421052631579
1.3
1.8571428571428568
1.0909090909090908
1.2608695652173914
1.2083333333333333
1.32
1.3461538461538465
0.5925925925925926
1.3571428571428572
1.2666666666666666
1.65625
1.15625
1.121212121212121
1.2121212121212122
1.588235294117647
1.1714285714285717
2.111111111111111
0.945945945945946
1.1578947368421053
0.0
1.5
1.3333333333333333
0.25
2.0
0.6666666666666666
1.8571428571428568
2.25
0.7777777777777778
1.5
2.0
1.5
1.0769230769230769
1.3571428571428572
1.2
1.25
1.3529411764705883
0.9444444444444444
0.631578947368421
1.35
1.4285714285714286
0.7272727272727273
1.2173913043478262
1.5416666666666667
0.84
1.5769230769230769
1.962962962962963
1.5714285714285714
1.5714285714285714
1.896551724137931
1.8
1.59375
1.59375
1.0909090909090908
1.6764705882352942
0.8888888888888888
1.6111111111111112
1.894736842105263
0.0
1.5
1.0
1.0
2.0
0.6666666666666666
1.0
0.875
0.8888888888888888
0.9
0.7272727272727273
0.3333333333333333
1.0
0.8571428571428571
1.0
1.8125
0.8823529411764706
1.2222222222222223
1.3157894736842106
0.7
0.8095238095238095
1.2272727272727273
1.7826086956521738
1.125
1.12
1.6153846153846154
1.148148148148148
1.0714285714285714
1.2758620689655171
1.1333333333333333
0.8709677419354839
1.1935483870967742
1.25
0.9696969696969696
1.2
1.0
1.25
1.0263157894736843
