0.0
0.5
-0.6666666666666666
-1.0
-0.4
-0.6
-0.2857142857142857
0.125
0.0
1.5
0.0
-0.25
0.3076923076923077
-0.1428571428571428
-0.1333333333333333
-0.375
-0.0588235294117647
-0.4444444444444444
-0.2105263157894736
0.5
-0.4285714285714285
0.5
-0.5652173913043478
-0.9166666666666666
-0.625
-0.1923076923076923
-0.4814814814814814
-0.6071428571428571
-0.3793103448275862
-0.5333333333333333
-0.4516129032258064
-0.53125
-0.5757575757575758
1.1176470588235294
-0.6285714285714286
-0.4722222222222222
-0.6486486486486487
1.131578947368421
0.0
0.5
-0.5
-1.0
-0.8
-0.3333333333333333
-1.1666666666666667
-1.1428571428571428
-1.3333333333333333
-1.0
-1.4
-0.1666666666666666
-0.3076923076923077
-0.3846153846153846
-1.0714285714285714
-0.9333333333333332
-0.75
-1.0
1.0526315789473684
-1.1
-1.0476190476190477
-1.0
-0.9130434782608696
1.5833333333333333
0.5416666666666666
-1.04
-0.9615384615384616
-1.0357142857142858
1.206896551724138
-1.1333333333333333
-0.09375
-1.0606060606060606
-1.0303030303030305
-1.1176470588235294
0.3714285714285714
-0.1944444444444444
-1.108108108108108
0.6842105263157895
0.0
0.0
-0.3333333333333333
-0.25
-0.6
0.0
0.1428571428571428
-0.125
-0.2222222222222222
-1.4
-0.1818181818181818
-1.25
0.8461538461538461
-0.2857142857142857
-0.4
-0.3125
-0.3529411764705882
0.4444444444444444
-0.8421052631578947
-0.05
0.9047619047619048
-0.2272727272727272
-0.2608695652173913
-0.0416666666666666
-0.28
0.2692307692307692
-0.1923076923076923
-0.1785714285714285
1.6896551724137931
-0.3333333333333333
-0.1612903225806451
-0.1875
-0.1875
0.5142857142857142
-0.2571428571428571
-0.25
-0.2972972972972973
0.5263157894736842
0.0
-0.5
0.3333333333333333
-0.25
0.0
0.5
0.0
0.0
0.0
1.5
-0.0909090909090909
-0.1666666666666666
-0.2307692307692307
-0.4285714285714285
-0.4
-0.375
0.1176470588235294
-0.5
-0.7894736842105263
-0.1
-0.2857142857142857
-0.3181818181818182
-0.391304347826087
-0.5416666666666666
-0.8
-0.6538461538461539
-0.3703703703703703
-0.5185185185185185
-0.3793103448275862
1.2
-0.3870967741935484
-0.4375
-0.4848484848484848
0.3235294117647059
0.9428571428571428
-0.75
-0.4324324324324324
0.6578947368421053
0.0
0.5
1.3333333333333333
0.5
0.4
-0.1666666666666666
0.1428571428571428
-0.875
-1.0
-1.4
0.0909090909090909
-1.1666666666666667
0.0769230769230769
-1.2142857142857142
-0.1333333333333333
-1.125
-1.2352941176470589
0.8888888888888888
0.1052631578947368
-1.25
-0.238095238095238
-1.1363636363636365
-1.173913043478261
1.0
-1.0
-0.3461538461538461
-1.0384615384615383
-0.8571428571428571
-1.0357142857142858
-0.3793103448275862
-0.4333333333333333
-1.0
-0.90625
-0.4545454545454545
-0.9705882352941176
-0.9714285714285714
-0.8918918918918919
1.4210526315789471
