0.0
1.5
0.0
1.0
1.2
1.4
1.5714285714285714
1.5
1.8888888888888888
2.0
1.818181818181818
0.9166666666666666
1.0
1.5
1.4666666666666666
1.1875
1.5294117647058822
1.0
1.4210526315789471
1.75
1.2857142857142858
1.7272727272727273
1.173913043478261
0.875
1.125
0.9615384615384616
0.9629629629629628
1.0357142857142858
0.9655172413793104
1.1
1.064516129032258
1.0625
1.0303030303030305
2.088235294117647
0.9714285714285714
1.0833333333333333
0.918918918918919
2.289473684210526
0.0
1.5
0.0
0.75
0.8
0.6666666666666666
0.6666666666666666
0.8571428571428571
0.7777777777777778
0.3333333333333333
0.7
1.3333333333333333
0.7692307692307693
1.1538461538461535
0.8571428571428571
1.0
1.125
0.9411764705882352
1.947368421052632
0.85
0.8571428571428571
0.8636363636363636
0.8695652173913043
2.25
1.7083333333333333
0.84
0.9230769230769232
0.8571428571428571
2.0
0.8
1.1875
0.8181818181818182
0.7272727272727273
0.7941176470588235
1.6571428571428573
1.1388888888888888
0.7567567567567568
1.631578947368421
0.0
0.5
1.0
1.0
0.8
0.8333333333333334
1.2857142857142858
1.375
1.2222222222222223
0.4
1.2727272727272727
0.3333333333333333
1.8461538461538465
1.2142857142857142
1.1333333333333333
1.0625
1.1176470588235294
1.5555555555555556
0.8421052631578947
1.15
2.0476190476190474
1.0454545454545454
1.0
1.7916666666666667
0.96
1.3846153846153846
1.0384615384615383
1.4285714285714286
2.1724137931034484
0.9333333333333332
1.064516129032258
1.03125
0.9375
1.9142857142857144
1.0285714285714285
1.0277777777777777
1.0
1.8157894736842104
0.0
0.0
1.3333333333333333
0.75
1.0
1.3333333333333333
1.1428571428571428
1.125
1.1111111111111112
1.9
1.0
1.1666666666666667
0.8461538461538461
0.7857142857142857
0.8666666666666667
0.8125
1.2941176470588236
0.7222222222222222
0.5263157894736842
1.05
0.9047619047619048
0.8636363636363636
1.173913043478261
0.7916666666666666
0.88
0.8461538461538461
0.9629629629629628
0.925925925925926
0.9310344827586208
2.2333333333333334
0.9032258064516128
0.875
0.8484848484848485
1.7058823529411764
2.0
0.7222222222222222
0.918918918918919
1.8157894736842104
0.0
1.5
2.0
1.5
1.4
1.1666666666666667
1.4285714285714286
0.875
0.6666666666666666
0.7
1.181818181818182
0.8333333333333334
1.2307692307692308
0.7857142857142857
0.9333333333333332
0.75
0.7058823529411765
2.0
1.368421052631579
0.65
1.1904761904761905
0.7272727272727273
0.6956521739130435
1.9166666666666667
0.8
1.1538461538461535
0.7692307692307693
0.9642857142857144
0.75
1.137931034482759
0.7666666666666667
0.8709677419354839
0.9375
1.2121212121212122
0.8823529411764706
0.6
0.918918918918919
2.1842105263157894
