0.0
0.0
1.3333333333333333
0.0
0.2
0.4
-0.8571428571428571
0.125
-0.4444444444444444
0.3
0.0909090909090909
0.1666666666666666
0.1538461538461538
0.0714285714285714
0.5333333333333333
-0.1875
0.2941176470588235
0.0555555555555555
-0.1052631578947368
-0.3
0.2857142857142857
-0.3636363636363636
0.4347826086956521
-0.25
0.4166666666666667
-0.1153846153846153
-0.1111111111111111
0.1071428571428571
0.0
0.0
-0.064516129032258
-0.03125
-0.1212121212121212
-0.3235294117647059
0.0571428571428571
-0.1666666666666666
0.081081081081081
-0.3157894736842105
0.0
-1.5
0.0
0.0
0.4
0.0
0.8333333333333334
0.1428571428571428
0.3333333333333333
0.1111111111111111
0.3
-0.3333333333333333
0.1538461538461538
0.1538461538461538
0.0
-0.1333333333333333
0.0
-0.0588235294117647
-0.2105263157894736
0.2
0.3809523809523809
0.3181818181818182
-0.0869565217391304
-0.4166666666666667
-0.25
0.16
0.0
0.1428571428571428
-0.1724137931034483
0.0333333333333333
-0.03125
0.1515151515151515
0.0606060606060606
0.0
-0.1142857142857142
-0.0833333333333333
0.081081081081081
-0.1578947368421052
0.0
-0.5
0.0
-0.25
0.6
0.3333333333333333
0.5714285714285714
0.25
0.2222222222222222
0.4
0.3636363636363636
0.25
-0.3846153846153846
0.4285714285714285
0.0666666666666666
-0.25
-0.2352941176470588
-0.0555555555555555
-0.1578947368421052
0.15
-0.3809523809523809
-0.0909090909090909
0.1739130434782608
-0.375
0.36
-0.1923076923076923
-0.0384615384615384
0.1071428571428571
-0.1034482758620689
0.0333333333333333
0.0
0.125
0.125
0.0285714285714285
0.0857142857142857
-0.0833333333333333
0.1351351351351351
-0.0526315789473684
0.0
1.5
0.0
0.25
-0.6
-0.3333333333333333
-0.7142857142857143
0.125
0.1111111111111111
-0.6
-0.3636363636363636
-0.0833333333333333
0.4615384615384615
0.5
-0.1333333333333333
0.5
-0.1176470588235294
0.2222222222222222
0.2631578947368421
0.05
-0.0952380952380952
-0.0454545454545454
0.0869565217391304
0.125
0.12
0.0384615384615384
0.1111111111111111
0.074074074074074
-0.2068965517241379
-0.1
0.1290322580645161
0.15625
0.303030303030303
-0.088235294117647
-0.2
0.1388888888888889
-0.054054054054054
0.0526315789473684
0.0
0.0
0.0
-0.75
0.0
0.5
-0.4285714285714285
0.875
-0.4444444444444444
0.8
-0.7272727272727273
0.0833333333333333
-0.3076923076923077
0.1428571428571428
0.0666666666666666
0.125
0.1764705882352941
-0.3888888888888889
-0.3157894736842105
0.2
-0.2857142857142857
0.3636363636363636
0.3043478260869565
-0.0416666666666666
0.0
0.0
-0.2692307692307692
-0.1428571428571428
0.1071428571428571
0.0689655172413793
0.0666666666666666
-0.032258064516129
-0.15625
0.0
0.0294117647058823
0.2285714285714285
0.0
-0.2105263157894736
