0.0
0.0
1.3333333333333333
0.0
0.2
0.4
-1.2857142857142858
0.25
-0.7777777777777778
0.0
0.0909090909090909
0.75
0.5384615384615384
-0.2142857142857142
-0.3333333333333333
0.25
0.6470588235294118
0.5
-0.4736842105263157
-0.4
0.238095238095238
-0.5
0.0869565217391304
0.25
0.875
0.1538461538461538
0.1111111111111111
0.1785714285714285
0.1379310344827586
0.1666666666666666
0.0
-0.21875
-0.0606060606060606
-1.088235294117647
0.6
-0.1388888888888889
0.1621621621621621
-1.368421052631579
0.0
-1.5
0.0
0.0
0.4
0.0
0.8333333333333334
-0.2857142857142857
0.3333333333333333
0.4444444444444444
0.5
-0.6666666666666666
0.0769230769230769
-0.3076923076923077
0.7142857142857143
0.5333333333333333
-0.125
0.9411764705882352
-1.0526315789473684
0.05
0.9047619047619048
1.1363636363636365
-0.0434782608695652
-1.4166666666666667
-0.875
0.28
0.0
0.5
-1.1724137931034482
-0.1666666666666666
-0.34375
0.4545454545454545
0.0909090909090909
0.5588235294117647
-0.8571428571428571
-0.3611111111111111
0.1891891891891892
-0.868421052631579
0.0
-0.5
0.0
-0.25
0.6
0.3333333333333333
0.1428571428571428
0.125
0.5555555555555556
0.7
0.4545454545454545
0.8333333333333334
-0.7692307692307693
1.0
0.0666666666666666
0.0625
-0.2352941176470588
-0.4444444444444444
0.2105263157894736
0.65
-0.9523809523809524
-0.1363636363636363
-0.1304347826086956
-0.8333333333333334
0.0
-0.3461538461538461
-0.2307692307692307
-0.3571428571428571
-1.137931034482759
0.0666666666666666
-0.064516129032258
0.125
0.09375
-0.8857142857142857
-0.1714285714285714
-0.0555555555555555
0.6216216216216216
-0.8421052631578947
0.0
1.5
0.0
0.25
-0.6
-0.3333333333333333
-0.2857142857142857
0.125
0.3333333333333333
-0.8
-0.6363636363636364
-0.25
0.6153846153846154
0.4285714285714285
-0.0666666666666666
1.4375
-0.5294117647058824
0.3333333333333333
0.3157894736842105
-0.25
-0.0476190476190476
0.6363636363636364
-0.3478260869565217
1.2083333333333333
-0.08
0.0384615384615384
0.3703703703703703
0.037037037037037
-0.2758620689655172
-1.3
0.4838709677419355
0.78125
0.4242424242424242
-0.7941176470588235
-1.0285714285714285
0.2222222222222222
0.6486486486486487
-0.9210526315789472
0.0
0.0
0.0
-0.75
0.0
0.5
-0.4285714285714285
0.125
0.1111111111111111
0.5
-0.5454545454545454
-0.4166666666666667
-0.4615384615384615
0.0714285714285714
-0.2
0.9375
0.2352941176470588
-1.3333333333333333
-0.7368421052631579
0.65
-0.5714285714285714
1.6363636363636365
1.0869565217391304
-1.2083333333333333
1.08
-0.3846153846153846
0.0384615384615384
-0.2142857142857142
0.8214285714285714
-0.3103448275862069
0.0333333333333333
1.0
0.1875
-0.303030303030303
0.3235294117647059
0.3428571428571428
0.1081081081081081
-1.2894736842105263
