0.0
0.5
0.3333333333333333
-0.5
-0.6
1.4
-0.7142857142857143
-0.125
-0.4444444444444444
0.3
1.0
-0.0833333333333333
-0.1538461538461538
-0.3571428571428571
-0.6666666666666666
-0.125
0.8823529411764706
-0.0555555555555555
0.2105263157894736
-0.4
0.0952380952380952
-0.5
-0.0869565217391304
-0.625
1.2916666666666667
-0.5769230769230769
-0.5925925925925926
0.0357142857142857
-0.5517241379310345
0.0333333333333333
-0.5483870967741935
-0.75
-0.3939393939393939
-0.5882352941176471
0.1714285714285714
-0.6388888888888888
-0.2972972972972973
-0.631578947368421
0.0
-0.5
-0.5
-0.5
-0.2
-1.1666666666666667
1.0
-1.1428571428571428
-0.2222222222222222
-1.3333333333333333
-1.0
-1.3333333333333333
-1.1538461538461535
-1.1538461538461535
0.5
0.5333333333333333
-0.875
1.2352941176470589
-1.0526315789473684
-0.6
0.9523809523809524
1.2272727272727273
-1.1304347826086956
-1.0833333333333333
-1.0833333333333333
-0.6
-0.3076923076923077
0.0
-1.137931034482759
-0.8666666666666667
-1.03125
-0.0909090909090909
-1.0606060606060606
-0.1176470588235294
-1.0857142857142856
-1.1111111111111112
-0.918918918918919
-1.0789473684210529
0.0
-1.0
1.0
-0.75
-0.4
-0.3333333333333333
-0.1428571428571428
0.125
0.3333333333333333
-0.3
0.6363636363636364
-0.4166666666666667
-0.4615384615384615
1.2142857142857142
0.0666666666666666
-0.375
-0.2941176470588235
-0.3333333333333333
-0.3684210526315789
1.05
-0.1428571428571428
-0.8181818181818182
-0.7391304347826086
-0.2916666666666667
-0.44
-0.1923076923076923
-0.9615384615384616
-0.0714285714285714
-0.1724137931034483
-0.2333333333333333
-0.2580645161290322
-0.28125
-0.1875
-0.2571428571428571
-1.1428571428571428
-0.4722222222222222
0.5135135135135135
-0.3421052631578947
0.0
0.5
0.3333333333333333
0.0
-1.2
0.0
-0.2857142857142857
0.25
0.1111111111111111
0.0
-1.2727272727272727
-0.1666666666666666
0.3076923076923077
0.1428571428571428
-0.4
1.3125
-0.4705882352941176
-0.5
-0.3684210526315789
-0.4
-0.4761904761904761
0.3181818181818182
-0.4347826086956521
0.9583333333333334
-0.52
-0.4230769230769231
-0.1481481481481481
-0.3703703703703703
-0.6896551724137931
-0.3666666666666666
-0.1290322580645161
0.625
-0.0303030303030303
-0.4117647058823529
-0.3714285714285714
-0.4166666666666667
0.054054054054054
-0.4736842105263157
0.0
0.5
1.0
-0.5
0.4
0.5
-0.7142857142857143
-0.625
-1.3333333333333333
0.0
-1.3636363636363635
-1.0
-1.3076923076923077
-0.2142857142857142
-1.2
0.8125
-0.7647058823529411
-1.2222222222222223
-1.3157894736842106
0.1
-1.2857142857142858
1.3636363636363635
0.5217391304347826
-1.125
0.96
-1.0384615384615383
-0.7307692307692307
-1.0357142857142858
0.5
-0.9655172413793104
-1.0666666666666669
0.7419354838709677
-0.375
-0.9393939393939394
-0.1470588235294117
-0.8857142857142857
-0.4054054054054054
-0.9736842105263158
