0.0
1.5
1.3333333333333333
1.0
1.4
1.8
0.2857142857142857
1.75
1.1111111111111112
2.0
1.9090909090909087
1.6666666666666667
1.5384615384615383
1.2857142857142858
1.1333333333333333
1.4375
2.176470588235294
1.5
0.9473684210526316
1.35
1.5238095238095235
1.2272727272727273
1.2608695652173914
1.125
2.0
1.1153846153846154
1.0740740740740742
1.2142857142857142
1.103448275862069
1.2666666666666666
1.064516129032258
0.84375
0.9696969696969696
1.0
1.5714285714285714
0.9444444444444444
1.0810810810810811
0.9210526315789472
0.0
0.0
0.0
0.75
1.2
0.6666666666666666
1.5
0.5714285714285714
1.1111111111111112
0.7777777777777778
1.2
0.6666666666666666
0.8461538461538461
0.8461538461538461
1.5714285714285714
1.5333333333333334
1.0
1.8823529411764703
0.8947368421052632
0.9
1.761904761904762
2.0
0.8260869565217391
0.8333333333333334
0.8333333333333334
1.12
0.9230769230769232
1.3571428571428572
0.8275862068965517
0.6333333333333333
0.84375
1.2727272727272727
0.8181818181818182
1.3529411764705883
0.8
0.7777777777777778
0.945945945945946
0.7631578947368421
0.0
0.0
1.0
0.75
1.4
1.1666666666666667
1.4285714285714286
1.5
1.7777777777777777
1.1
1.7272727272727273
1.1666666666666667
1.0769230769230769
2.2142857142857144
1.2
1.125
0.8823529411764706
1.1111111111111112
1.0526315789473684
1.8
1.0952380952380951
0.9090909090909092
0.8695652173913043
0.9583333333333334
0.96
1.0384615384615383
0.8076923076923077
1.0714285714285714
1.0344827586206895
1.0
1.0
1.15625
1.03125
1.0285714285714285
0.8571428571428571
0.9722222222222222
1.6216216216216215
0.9736842105263158
0.0
1.5
1.3333333333333333
1.0
0.4
1.0
0.8571428571428571
1.25
1.4444444444444444
1.1
0.3636363636363636
0.9166666666666666
1.4615384615384617
1.2142857142857142
0.8
2.25
0.7647058823529411
1.0555555555555556
0.8421052631578947
0.8
0.8571428571428571
1.5
0.8260869565217391
2.0
0.8
0.8846153846153846
1.3333333333333333
0.9629629629629628
0.6551724137931034
0.9333333333333332
1.3870967741935485
1.65625
1.2727272727272727
0.9117647058823528
0.9714285714285714
0.9444444444444444
1.5675675675675675
0.8947368421052632
0.0
1.5
2.0
0.75
1.4
1.6666666666666667
1.0
1.0
0.7777777777777778
1.2
0.6363636363636364
0.4166666666666667
0.7692307692307693
0.8571428571428571
0.7333333333333333
1.6875
0.9411764705882352
0.6666666666666666
0.631578947368421
1.3
0.6190476190476191
2.363636363636364
1.7826086956521738
0.7083333333333334
1.88
0.7692307692307693
0.8076923076923077
0.75
1.5714285714285714
0.8275862068965517
0.8
1.870967741935484
1.125
0.9090909090909092
1.2058823529411764
0.9428571428571428
1.027027027027027
0.8947368421052632
