0
0
3
1
5
3
7
8
10
11
17
18
15
18
18
21
19
21
22
21
23
25
24
27
32
24
25
26
41
41
46
42
52
44
38
37
46
57
0
0
0
7
2
3
5
7
12
5
13
7
10
11
24
18
22
20
24
15
25
22
26
33
28
34
40
51
30
56
36
31
38
41
71
42
36
47
0
0
3
2
3
9
6
11
7
9
15
10
10
11
23
14
18
32
22
19
21
30
25
39
39
31
27
33
35
37
34
38
49
39
39
37
44
34
0
0
2
5
1
7
2
11
14
12
12
16
17
14
20
23
25
14
27
21
29
33
32
19
37
46
38
40
26
44
19
35
44
45
40
48
42
49
0
0
2
6
7
8
9
2
10
12
12
15
14
13
22
24
32
27
28
29
31
31
16
34
50
37
18
41
41
56
46
34
49
27
52
26
59
44
0
1
0
1
3
4
8
4
6
13
11
12
14
14
14
26
28
17
14
18
18
19
24
42
26
28
52
28
40
31
34
33
32
38
70
43
74
45
0
0
3
4
5
13
7
10
18
12
18
14
17
8
17
20
19
17
22
25
38
31
19
33
32
38
52
39
41
40
42
42
43
46
60
52
41
56
