0
0
0
6
3
3
8
8
8
10
7
10
14
17
14
19
16
16
20
22
19
19
45
19
20
42
44
38
25
27
21
28
20
31
40
42
39
40
0
1
2
9
6
8
8
18
8
8
14
10
25
11
19
12
23
16
17
18
19
27
20
28
25
28
32
37
30
28
37
58
38
39
33
40
49
42
0
1
2
2
2
6
4
14
9
7
11
7
14
8
11
11
12
15
32
20
23
27
25
29
25
29
41
29
31
34
37
34
33
35
35
29
38
86
0
0
0
1
7
4
3
7
8
7
2
7
7
19
16
11
11
31
13
25
15
16
21
36
21
18
22
24
40
23
58
43
24
25
45
26
43
28
0
1
0
4
6
6
6
4
7
8
8
11
18
23
13
16
18
18
16
19
22
22
33
23
11
24
52
48
31
30
34
36
38
49
39
62
42
49
0
0
2
1
6
2
6
3
4
16
18
8
14
11
12
24
16
18
42
19
40
21
42
20
24
25
26
26
44
30
31
71
53
34
32
35
37
37
0
1
4
2
6
2
4
7
13
10
7
12
14
28
15
23
17
39
39
20
23
21
37
25
31
40
35
27
28
42
30
33
33
34
37
35
45
36
