0
2
2
3
4
7
5
7
16
15
12
12
12
18
16
18
17
22
21
21
21
27
27
25
39
36
36
40
32
44
42
44
44
46
44
44
46
47
0
2
5
2
10
2
3
5
5
18
5
23
8
14
14
23
18
25
29
24
17
25
35
26
28
29
29
29
35
35
40
36
47
41
42
24
44
58
0
1
2
2
8
5
8
7
9
12
9
11
10
26
11
18
17
19
19
32
38
23
32
28
30
16
33
40
49
37
37
11
38
37
33
42
71
45
0
0
2
5
5
7
8
4
12
9
13
10
24
19
19
16
16
25
9
29
30
31
15
32
34
37
44
38
39
29
44
44
39
46
48
44
49
41
0
3
3
7
6
7
2
9
6
7
12
13
18
18
25
25
24
27
27
30
11
16
32
42
34
23
37
38
29
45
57
48
47
51
44
57
60
61
0
1
1
3
3
12
4
10
10
8
12
16
12
26
31
14
16
31
17
22
18
18
22
24
40
28
28
45
29
45
49
34
37
41
38
35
43
66
0
2
1
5
8
8
8
9
12
13
12
16
10
17
17
18
30
21
24
33
26
19
33
44
33
35
38
37
50
41
51
43
26
39
51
51
54
45
