0
0
3
0
8
5
7
8
8
7
11
11
20
14
8
15
18
22
17
17
31
28
19
29
24
22
22
23
31
39
27
43
29
41
33
33
60
39
0
2
3
4
6
6
13
8
8
8
9
7
11
18
12
23
14
22
19
17
40
19
32
23
30
28
28
28
29
33
42
37
36
44
40
69
42
50
0
1
1
3
9
3
11
5
7
6
7
18
7
11
8
38
21
14
18
20
31
24
24
26
27
41
29
29
25
31
33
61
34
39
40
35
41
38
0
0
1
2
1
3
4
10
7
7
7
11
11
9
9
20
25
11
40
13
26
15
30
21
36
21
36
22
23
61
23
23
37
34
26
31
28
48
0
2
2
2
5
6
11
7
9
14
8
15
12
12
24
21
16
18
18
18
37
40
22
22
23
30
24
25
38
33
35
35
28
38
62
40
35
42
0
0
0
9
2
5
2
5
24
5
8
25
8
12
15
12
15
23
18
15
19
52
21
24
32
30
25
23
28
37
32
31
33
69
34
50
35
40
0
2
3
6
2
7
7
16
8
9
10
10
15
14
14
16
17
18
18
29
21
48
23
27
25
25
26
37
27
28
39
31
58
46
34
49
36
53
