0.0
0.5
0.5
0.25
1.75
-0.1666666666666666
0.4285714285714285
-0.125
-0.5555555555555556
-0.9
-0.1818181818181818
0.5833333333333334
0.1538461538461538
0.5333333333333333
0.2
0.25
0.2352941176470588
-0.0526315789473684
0.85
0.0
-0.4545454545454545
0.0434782608695652
0.0
0.12
-0.0769230769230769
0.037037037037037
0.037037037037037
0.7142857142857143
-0.1379310344827586
-0.1666666666666666
-0.1935483870967742
-0.25
-0.3333333333333333
-0.2647058823529412
-0.2571428571428571
-0.3333333333333333
-0.945945945945946
-0.131578947368421
0.0
1.5
0.5
0.6
1.0
0.7142857142857143
0.5
-0.6666666666666666
0.6
-0.7
0.3636363636363636
1.0833333333333333
0.0769230769230769
-0.0714285714285714
0.9333333333333332
0.0
-0.2352941176470588
-0.2777777777777778
-0.0526315789473684
-0.15
-0.0952380952380952
-0.1818181818181818
0.1666666666666666
-0.24
-0.24
0.1111111111111111
-0.6666666666666666
-0.1071428571428571
-0.896551724137931
0.0666666666666666
-0.064516129032258
0.03125
-0.2727272727272727
0.4117647058823529
-0.2857142857142857
-0.3333333333333333
0.054054054054054
-0.2631578947368421
0.0
0.5
0.5
0.4
0.6
0.5714285714285714
0.0
-1.6666666666666667
-0.1111111111111111
0.5
0.3636363636363636
0.5
0.0769230769230769
0.4285714285714285
-0.4
0.4375
1.0588235294117647
0.3333333333333333
0.2777777777777778
0.2
-0.0952380952380952
0.1818181818181818
-0.217391304347826
0.125
0.04
0.0769230769230769
0.9629629629629628
-0.9642857142857144
0.1034482758620689
0.0666666666666666
0.032258064516129
0.0625
-0.3125
0.088235294117647
0.088235294117647
0.1388888888888889
1.2162162162162162
0.1052631578947368
0.0
1.5
-0.6666666666666666
0.0
2.2
-0.6666666666666666
-0.5714285714285714
-0.375
0.6666666666666666
-0.5555555555555556
0.0
-0.5833333333333334
1.0769230769230769
-0.5
-1.0
-0.625
0.7058823529411765
-0.5
-0.5263157894736842
0.05
-0.5238095238095238
-0.5
-1.1304347826086956
-0.4166666666666667
-0.08
-0.3461538461538461
-0.4642857142857143
-0.2142857142857142
-0.4666666666666667
-0.4516129032258064
-0.4375
0.0606060606060606
-0.4242424242424242
-0.4117647058823529
0.2
-0.2777777777777778
-0.3888888888888889
-0.7631578947368421
0.0
0.0
-0.3333333333333333
-0.3333333333333333
-0.6
1.0
-0.5714285714285714
0.5714285714285714
-0.6666666666666666
-0.3333333333333333
-0.3636363636363636
0.2727272727272727
-0.3076923076923077
0.1428571428571428
-0.2666666666666666
-0.2666666666666666
-0.2352941176470588
-0.2941176470588235
-0.3157894736842105
-0.25
-1.1
-0.1428571428571428
-0.1739130434782608
0.5217391304347826
-0.2083333333333333
-0.44
-0.037037037037037
0.6666666666666666
-0.2068965517241379
-0.2068965517241379
1.3333333333333333
-0.2666666666666666
-0.78125
-0.1470588235294117
-0.0833333333333333
-0.3055555555555556
-0.2702702702702703
-0.2368421052631578
0.0
1.0
0.0
-0.75
-0.4
1.0
-0.5714285714285714
-1.0
-0.5
0.1
0.6363636363636364
-0.25
-0.2307692307692307
-0.2142857142857142
0.6666666666666666
-0.4
-0.3125
-0.4444444444444444
-0.6842105263157895
-0.5
-0.4761904761904761
-0.6666666666666666
-0.4347826086956521
-0.0869565217391304
-0.4
-0.0769230769230769
-0.4074074074074074
1.6071428571428572
-0.1785714285714285
-0.4333333333333333
0.1612903225806451
-0.4193548387096774
-0.2727272727272727
-0.4848484848484848
-0.2
-0.5277777777777778
0.8378378378378378
-0.5263157894736842
0.0
-1.0
-0.5
0.0
0.25
-0.3333333333333333
0.3333333333333333
-0.2857142857142857
0.3333333333333333
-1.7
-0.3636363636363636
-0.75
-0.3333333333333333
0.2857142857142857
-0.2666666666666666
-0.375
-0.1764705882352941
-0.8888888888888888
-0.5263157894736842
-0.5263157894736842
0.7619047619047619
-0.6818181818181818
1.1304347826086956
-0.7916666666666666
0.48
-0.6923076923076923
0.2962962962962963
1.4285714285714286
-0.7142857142857143
0.7666666666666667
-0.7096774193548387
-0.75
-0.6060606060606061
-0.7647058823529411
0.9714285714285714
-0.7222222222222222
-0.4594594594594595
-0.6052631578947368
0.0
0.5
0.25
0.25
0.3333333333333333
-0.2857142857142857
-0.25
-0.2222222222222222
-0.2
-0.0909090909090909
-0.3333333333333333
-0.2307692307692307
0.0714285714285714
0.0714285714285714
0.375
0.0588235294117647
-0.3888888888888889
0.2105263157894736
1.55
0.0454545454545454
0.0454545454545454
-0.625
0.0
0.0
-0.8846153846153846
0.0769230769230769
-0.6071428571428571
-0.4642857142857143
0.0
1.0333333333333334
1.064516129032258
0.09375
0.1515151515151515
-0.4411764705882353
0.1470588235294117
0.1944444444444444
0.1621621621621621
0.4210526315789473
0.0
1.0
-0.75
-1.2
-0.5
1.5
-0.5
-1.3333333333333333
-0.2
1.0
0.0
0.0
-0.6923076923076923
-0.7857142857142857
0.0666666666666666
0.1875
1.2777777777777777
0.8888888888888888
0.3157894736842105
0.25
0.1904761904761904
0.0909090909090909
0.4782608695652174
-0.7083333333333334
-0.0833333333333333
-0.88
-0.1111111111111111
0.1071428571428571
0.1034482758620689
0.5161290322580645
-0.09375
-1.0
-0.0588235294117647
-0.6764705882352942
-0.0833333333333333
-0.4864864864864865
-0.2972972972972973
-0.0789473684210526
0.0
1.5
0.0
0.25
0.2
-0.5
0.1428571428571428
0.25
0.0
-0.9
-0.3636363636363636
0.0833333333333333
0.0
0.3571428571428571
-0.1333333333333333
-0.1875
0.1176470588235294
-0.8333333333333334
-0.3157894736842105
-0.2
-0.4761904761904761
-0.0909090909090909
0.0869565217391304
0.0
0.08
-0.04
0.8888888888888888
0.0
-0.3793103448275862
0.0333333333333333
-0.4838709677419355
0.09375
0.0294117647058823
0.1176470588235294
0.1142857142857142
0.4166666666666667
0.1081081081081081
0.7631578947368421
0.0
0.0
-0.6666666666666666
-1.0
2.4
-0.5
-0.2857142857142857
0.375
-0.2222222222222222
-0.1
0.5454545454545454
-0.0833333333333333
-0.0833333333333333
0.3571428571428571
0.0
-1.0
1.3529411764705883
-0.2777777777777778
-0.2631578947368421
0.45
-0.1904761904761904
0.2272727272727272
-0.391304347826087
-0.125
-0.52
-0.1923076923076923
-0.7777777777777778
-0.1481481481481481
-0.1034482758620689
-0.1
-0.1935483870967742
-0.09375
0.5454545454545454
-0.7647058823529411
0.0285714285714285
-0.0833333333333333
0.027027027027027
-0.0263157894736842
0.0
2.5
1.3333333333333333
1.25
0.8
0.5
0.5714285714285714
-0.5714285714285714
0.5555555555555556
0.6666666666666666
0.5
-0.1666666666666666
0.2307692307692307
0.1428571428571428
0.1333333333333333
-0.25
0.0
0.0
-0.5789473684210527
0.2
-0.2857142857142857
-0.7727272727272727
-0.217391304347826
-0.2916666666666667
1.12
-0.2307692307692307
-0.1851851851851851
-0.1785714285714285
-0.1333333333333333
-0.7096774193548387
-0.125
-0.125
0.9393939393939394
0.8787878787878788
-0.2058823529411764
-0.8
0.6756756756756757
-0.3421052631578947
0.0
-1.0
-0.3333333333333333
-0.75
-0.4
-0.3333333333333333
-0.2857142857142857
-0.5
-0.1111111111111111
0.2
-0.4545454545454545
0.0
-0.7692307692307693
-0.2142857142857142
0.0
-0.75
1.7058823529411764
-0.9444444444444444
-0.8421052631578947
-0.5
-0.8571428571428571
-1.0909090909090908
-1.1304347826086956
0.1666666666666666
-1.24
1.2692307692307692
-1.1851851851851851
1.0
-1.1428571428571428
-0.0689655172413793
-1.2
0.5625
-1.25
-0.7575757575757576
-1.1428571428571428
-0.2571428571428571
-1.135135135135135
-0.3947368421052631
