0.0
1.5
1.5
1.0
1.5
0.8333333333333334
1.4285714285714286
0.875
0.6666666666666666
0.7
1.0
1.6666666666666667
1.3076923076923077
1.6666666666666667
1.3333333333333333
1.375
1.3529411764705883
1.1578947368421053
1.65
1.2857142857142858
1.0
1.3478260869565215
1.2916666666666667
1.44
0.9615384615384616
1.2962962962962965
1.2962962962962965
1.8571428571428568
1.206896551724138
1.1666666666666667
1.2258064516129032
1.09375
1.303030303030303
1.0588235294117647
1.0571428571428572
1.1111111111111112
0.6486486486486487
1.1578947368421053
0.0
1.5
1.0
2.0
1.6666666666666667
1.7142857142857142
1.375
0.7777777777777778
1.7
0.8
1.3636363636363635
1.9166666666666667
1.1538461538461535
1.0714285714285714
2.066666666666667
1.1875
1.0
1.1111111111111112
1.1578947368421053
1.1
1.2857142857142858
1.0454545454545454
1.25
1.08
1.08
1.2962962962962965
0.7777777777777778
1.1785714285714286
0.6551724137931034
1.4
1.2258064516129032
1.4375
1.1515151515151516
1.7941176470588236
1.1714285714285717
1.1388888888888888
1.5945945945945943
1.1842105263157894
0.0
1.5
1.5
1.4
1.4
1.5714285714285714
0.7142857142857143
0.5555555555555556
1.0
1.5
1.2727272727272727
1.5
1.1538461538461535
1.5
1.2
1.5625
2.117647058823529
1.4444444444444444
1.3888888888888888
1.4
1.1428571428571428
1.4090909090909092
1.173913043478261
1.4166666666666667
1.32
1.3461538461538465
2.111111111111111
0.7857142857142857
1.3448275862068966
1.3
1.4516129032258065
1.28125
0.96875
1.2941176470588236
1.411764705882353
1.3333333333333333
2.27027027027027
1.2894736842105263
0.0
1.5
0.3333333333333333
1.0
2.4
0.6666666666666666
0.5714285714285714
1.0
1.4444444444444444
0.8888888888888888
1.181818181818182
0.9166666666666666
2.230769230769231
1.0
0.6666666666666666
0.875
1.7647058823529411
1.0
0.9473684210526316
1.15
0.7142857142857143
0.9545454545454546
0.5652173913043478
1.0416666666666667
1.24
1.1153846153846154
1.0357142857142858
1.3928571428571428
1.0
1.0
1.03125
1.2121212121212122
1.0303030303030305
1.0294117647058822
1.6571428571428573
1.1111111111111112
1.0555555555555556
0.868421052631579
0.0
0.5
0.3333333333333333
1.0
0.8
1.4
0.7142857142857143
1.5714285714285714
0.5555555555555556
1.1111111111111112
0.8181818181818182
1.5454545454545454
0.9230769230769232
1.6428571428571428
1.0
1.0
1.2352941176470589
0.9411764705882352
1.0526315789473684
1.0
0.3
1.238095238095238
1.1304347826086956
1.7391304347826086
1.0833333333333333
0.92
1.1851851851851851
1.5185185185185186
1.103448275862069
1.103448275862069
2.5
1.0666666666666669
0.84375
1.2941176470588236
1.4166666666666667
1.1666666666666667
1.2162162162162162
1.1842105263157894
0.0
1.5
0.5
1.0
1.4
2.0
1.1428571428571428
0.375
1.125
1.1
1.5454545454545454
1.3333333333333333
1.3076923076923077
1.3571428571428572
1.4666666666666666
1.1333333333333333
1.25
0.9444444444444444
0.8947368421052632
1.2
1.1904761904761905
0.5714285714285714
1.173913043478261
1.391304347826087
1.16
1.2692307692307692
1.1851851851851851
2.357142857142857
1.1428571428571428
1.1
1.3548387096774193
1.096774193548387
1.2121212121212122
1.0606060606060606
1.2571428571428571
1.0
1.8108108108108107
1.0263157894736843
0.0
0.0
0.0
1.0
0.75
0.6666666666666666
1.5
0.7142857142857143
1.3333333333333333
0.5
0.7272727272727273
1.0833333333333333
0.75
1.6428571428571428
0.8666666666666667
0.8125
1.2941176470588236
0.6666666666666666
0.7368421052631579
0.7368421052631579
1.9523809523809523
0.6818181818181818
2.217391304347826
0.625
1.64
0.7307692307692307
1.4814814814814814
2.1785714285714284
0.6785714285714286
1.8666666666666667
0.7419354838709677
0.71875
1.0
0.7058823529411765
1.8857142857142857
0.75
0.8648648648648649
0.868421052631579
0.0
1.5
1.0
1.5
1.5
0.8571428571428571
1.0
0.8888888888888888
0.8
1.0
1.0
0.9230769230769232
1.2857142857142858
1.2857142857142858
1.0625
1.2352941176470589
1.1111111111111112
1.3157894736842106
2.05
1.181818181818182
1.181818181818182
1.0
1.2
1.2
0.8461538461538461
1.2692307692307692
1.0357142857142858
0.9642857142857144
1.1724137931034482
2.1666666666666665
2.064516129032258
1.25
1.303030303030303
1.1470588235294117
1.2941176470588236
1.6111111111111112
1.351351351351351
1.5789473684210529
0.0
2.0
0.75
0.6
1.0
1.5
0.875
0.7777777777777778
1.1
1.6363636363636365
1.25
1.25
1.2307692307692308
0.8571428571428571
1.3333333333333333
1.375
2.055555555555556
1.6666666666666667
1.4210526315789471
1.35
1.2857142857142858
1.2272727272727273
1.608695652173913
0.625
1.125
0.92
1.3703703703703705
1.3214285714285714
1.3103448275862069
1.7096774193548387
1.1875
0.9393939393939394
1.2352941176470589
0.9411764705882352
1.1944444444444444
0.918918918918919
1.1891891891891893
1.2105263157894737
0.0
1.5
0.6666666666666666
1.25
1.2
0.3333333333333333
1.1428571428571428
1.375
1.0
1.0
1.0909090909090908
1.0833333333333333
1.0
1.5714285714285714
1.0666666666666669
0.9375
1.3529411764705883
0.6666666666666666
0.8421052631578947
0.95
1.0476190476190477
1.0
1.3043478260869563
1.0833333333333333
1.2
1.04
1.6666666666666667
1.1071428571428572
1.103448275862069
1.1666666666666667
1.064516129032258
1.1875
1.1470588235294117
1.3529411764705883
1.2
1.5277777777777777
1.2162162162162162
1.763157894736842
0.0
0.5
0.3333333333333333
0.0
2.4
0.5
1.1428571428571428
0.875
1.1111111111111112
0.7
2.0
0.8333333333333334
0.8333333333333334
1.6428571428571428
1.0
0.5625
2.294117647058824
1.0
1.0
1.8
1.0952380952380951
1.6363636363636365
1.0869565217391304
1.125
1.2
1.1538461538461535
0.8148148148148148
1.2222222222222223
1.2413793103448276
1.2
1.2580645161290325
1.21875
1.696969696969697
0.9117647058823528
1.3142857142857145
1.2777777777777777
1.2162162162162162
1.368421052631579
0.0
1.5
1.0
1.75
1.2
1.5
1.2857142857142858
0.7142857142857143
1.4444444444444444
1.6666666666666667
1.4
1.0
1.2307692307692308
1.1428571428571428
1.5333333333333334
1.0625
1.1764705882352942
1.1764705882352942
0.8421052631578947
1.25
1.0
0.8181818181818182
1.0869565217391304
1.125
2.36
1.0769230769230769
1.2222222222222223
1.1428571428571428
1.2
0.7419354838709677
1.21875
1.21875
1.8484848484848484
1.7878787878787878
1.1764705882352942
0.6857142857142857
1.4864864864864864
1.0526315789473684
0.0
0.0
1.0
0.25
0.8
0.8333333333333334
1.0
0.875
1.1111111111111112
1.4
0.9090909090909092
1.0
0.7692307692307693
1.5
1.2666666666666666
0.8125
1.8823529411764703
0.7222222222222222
0.8421052631578947
0.75
0.6666666666666666
0.8636363636363636
0.8260869565217391
1.3333333333333333
0.76
1.9230769230769231
0.7407407407407407
2.111111111111111
0.75
1.4827586206896552
0.7
1.875
0.75
0.9696969696969696
0.8571428571428571
1.0285714285714285
0.8378378378378378
1.1578947368421053
