0.0
-1.5
-1.5
0.0
-0.5
-0.1666666666666666
-0.5714285714285714
1.0
0.1111111111111111
0.1
0.2727272727272727
-0.5
-0.0769230769230769
-0.4
-0.0666666666666666
0.6875
0.0588235294117647
0.1052631578947368
-0.45
-0.3809523809523809
0.3636363636363636
-0.1739130434782608
-0.2916666666666667
-0.16
0.3846153846153846
-0.1481481481481481
0.5925925925925926
-0.6071428571428571
0.4137931034482758
-0.1666666666666666
-0.0967741935483871
0.0625
-0.2121212121212121
0.7352941176470589
0.5714285714285714
0.0
0.5135135135135135
-0.0263157894736842
0.0
-1.0
-1.0
-0.6
-0.8333333333333334
-0.1428571428571428
-0.375
0.7777777777777778
-0.2
0.7
-0.1818181818181818
-0.6666666666666666
-0.2307692307692307
0.0
-1.0
0.0625
0.1176470588235294
0.1111111111111111
0.5263157894736842
-0.4
-0.1904761904761904
-0.1818181818181818
-0.125
0.28
1.0
-0.1851851851851851
0.3333333333333333
0.3214285714285714
0.5172413793103449
-0.1666666666666666
0.7419354838709677
-0.25
0.4242424242424242
-0.6764705882352942
-0.0857142857142857
0.6111111111111112
-0.4594594594594595
0.1052631578947368
0.0
-1.5
-0.5
0.2
0.0
-0.4285714285714285
0.8571428571428571
1.1111111111111112
0.6666666666666666
0.7
0.3636363636363636
0.0
0.2307692307692307
0.8571428571428571
0.2666666666666666
-0.8125
-0.6470588235294118
-0.0555555555555555
-0.2777777777777778
-0.2
0.1904761904761904
-0.0454545454545454
0.1739130434782608
-0.1666666666666666
0.08
-0.5769230769230769
-0.8148148148148148
0.5
0.7586206896551724
-0.3
-0.1612903225806451
-0.40625
0.3125
0.1470588235294117
-0.1176470588235294
-0.1944444444444444
-0.945945945945946
0.1052631578947368
0.0
-1.0
1.0
0.0
-1.6
-0.1666666666666666
0.1428571428571428
-0.75
-0.5555555555555556
0.3333333333333333
-0.4545454545454545
0.4166666666666667
-1.1538461538461535
0.8571428571428571
0.2666666666666666
-0.125
-0.7647058823529411
0.3333333333333333
1.0526315789473684
-0.25
0.1428571428571428
-0.3181818181818182
0.391304347826087
0.0416666666666666
-0.12
0.4230769230769231
0.3571428571428571
-0.3571428571428571
1.1
0.064516129032258
0.40625
-0.1818181818181818
0.3333333333333333
1.3823529411764706
-0.6571428571428571
-0.0555555555555555
0.0833333333333333
0.2105263157894736
0.0
-0.5
0.6666666666666666
-0.6666666666666666
-0.6
-0.6
0.5714285714285714
-0.8571428571428571
1.2222222222222223
-0.5555555555555556
1.181818181818182
-0.7272727272727273
0.2307692307692307
-0.7857142857142857
-0.2
-0.4
-0.2941176470588235
1.588235294117647
-0.0526315789473684
-0.3
0.7
-0.2857142857142857
0.1304347826086956
-0.6086956521739131
0.9166666666666666
0.24
0.3703703703703703
-0.3333333333333333
0.1724137931034483
0.7931034482758621
-1.4333333333333331
0.0666666666666666
0.25
-0.2352941176470588
-0.25
0.0277777777777777
-0.8918918918918919
0.0
0.0
-1.5
-0.5
-0.25
-0.8
-0.6666666666666666
-0.7142857142857143
0.75
0.5
0.2
-0.3636363636363636
0.25
-0.3076923076923077
-0.1428571428571428
-0.3333333333333333
-0.0666666666666666
0.125
0.1666666666666666
0.3157894736842105
-0.6
1.0
0.6190476190476191
-0.391304347826087
-0.217391304347826
-0.2
-0.1538461538461538
0.4444444444444444
-1.2142857142857142
0.0
-0.0333333333333333
-0.2580645161290322
0.3870967741935484
-0.1515151515151515
0.2727272727272727
-0.2571428571428571
0.75
-0.8378378378378378
0.1052631578947368
0.0
0.0
0.0
-0.6666666666666666
0.0
0.5
-0.8333333333333334
0.8571428571428571
-0.5555555555555556
0.2
0.0
-0.3333333333333333
1.0
-0.7857142857142857
1.1333333333333333
0.6875
-0.5294117647058824
0.0555555555555555
0.2105263157894736
0.0526315789473684
-1.238095238095238
0.7727272727272727
-1.565217391304348
0.25
-1.0
0.2692307692307692
-0.7777777777777778
-1.5
0.8214285714285714
-1.2
0.1935483870967742
-0.40625
-0.2727272727272727
0.2352941176470588
-1.1142857142857143
0.7777777777777778
-0.054054054054054
0.631578947368421
0.0
-1.5
0.5
-0.5
-0.5
0.1428571428571428
-0.125
0.5555555555555556
0.3
0.0909090909090909
0.1666666666666666
0.3846153846153846
1.0
0.3571428571428571
0.1875
-0.1176470588235294
0.2222222222222222
-0.3157894736842105
-0.75
0.0
-0.1363636363636363
0.25
0.12
1.04
0.4230769230769231
0.4230769230769231
0.1785714285714285
0.25
-0.0344827586206896
-0.9333333333333332
-0.7741935483870968
-0.0625
-0.3939393939393939
0.1470588235294117
0.7058823529411765
-0.3055555555555556
-0.4324324324324324
-0.1842105263157894
0.0
-1.0
0.75
0.6
-0.3333333333333333
-0.5
-0.25
0.3333333333333333
0.7
-0.3636363636363636
-0.1666666666666666
-0.3333333333333333
-0.0769230769230769
0.4285714285714285
-0.0666666666666666
-0.3125
-0.6111111111111112
-0.2222222222222222
0.7368421052631579
-0.3
-0.2857142857142857
0.5
-0.4347826086956521
0.5
-0.2083333333333333
0.28
-0.1111111111111111
-0.3571428571428571
0.7586206896551724
-0.4838709677419355
-0.34375
0.303030303030303
0.3823529411764705
0.2941176470588235
0.3055555555555556
0.3243243243243243
0.054054054054054
0.6842105263157895
0.0
-1.0
0.3333333333333333
-0.5
-0.4
0.8333333333333334
-0.5714285714285714
-0.25
0.3333333333333333
-0.1
0.0
1.0
0.3076923076923077
-0.5714285714285714
-0.1333333333333333
0.875
-0.4705882352941176
0.2222222222222222
0.4210526315789473
0.7
-0.1428571428571428
-0.0454545454545454
-0.3043478260869565
0.125
-0.16
0.08
-0.5555555555555556
0.6428571428571429
0.0
0.0666666666666666
0.064516129032258
0.875
-0.1764705882352941
-0.2058823529411764
-0.0285714285714285
-0.2777777777777778
-0.1621621621621621
-0.5
0.0
1.0
1.0
0.25
-2.0
0.0
-0.5714285714285714
0.25
-0.3333333333333333
-0.2
-1.0909090909090908
0.0
0.75
-0.7857142857142857
-0.0666666666666666
0.375
-1.2352941176470589
0.8333333333333334
0.1052631578947368
-0.8
-0.4285714285714285
-0.5909090909090909
0.0434782608695652
1.125
-0.12
-0.3461538461538461
0.4074074074074074
-0.1481481481481481
0.0
1.1333333333333333
-0.0967741935483871
-0.3125
-0.4242424242424242
0.3529411764705882
0.0571428571428571
0.0833333333333333
0.1081081081081081
0.3684210526315789
0.0
-1.5
0.0
-1.0
-0.4
0.0
-0.8571428571428571
0.5714285714285714
-1.0
-0.2222222222222222
0.1
0.3333333333333333
-0.2307692307692307
0.6428571428571429
-0.4
0.0
-0.7647058823529411
0.1176470588235294
0.2105263157894736
-0.2
0.5714285714285714
0.2727272727272727
1.0
-0.0833333333333333
-1.24
0.0
-0.1481481481481481
-0.1071428571428571
0.6
0.5161290322580645
-0.1875
-0.28125
-0.6363636363636364
-0.5757575757575758
0.4705882352941176
0.4571428571428571
-0.4054054054054054
0.1578947368421052
0.0
1.5
-0.6666666666666666
0.5
0.6
-0.1666666666666666
-0.4285714285714285
-0.5
0.5555555555555556
-0.4
0.9090909090909092
-0.1666666666666666
0.0
-0.7857142857142857
-0.6
0.9375
-1.1176470588235294
0.3333333333333333
0.2105263157894736
0.05
0.238095238095238
1.318181818181818
0.0869565217391304
-0.5416666666666666
0.84
-1.1538461538461535
0.1481481481481481
-1.3703703703703705
0.0357142857142857
-0.7586206896551724
1.5
-1.125
0.3125
-0.2424242424242424
0.8571428571428571
-0.1714285714285714
0.3513513513513513
-0.3421052631578947
