0.0
-0.5
-0.5
0.0
0.25
-1.5
-0.1428571428571428
1.0
-0.3333333333333333
-0.3
-0.6363636363636364
0.0
0.0
0.1333333333333333
0.1333333333333333
0.875
0.1176470588235294
0.0
-0.05
-0.9523809523809524
0.0454545454545454
-0.2608695652173913
-0.0833333333333333
0.0
0.0769230769230769
-0.2962962962962963
0.7777777777777778
-0.0714285714285714
0.6896551724137931
-0.2666666666666666
-0.1935483870967742
-0.25
-0.2424242424242424
0.5294117647058824
0.4
-0.2222222222222222
-0.1351351351351351
0.0263157894736842
0.0
0.0
-1.5
0.6
-0.5
0.8571428571428571
-0.25
0.5555555555555556
0.5
0.5
-0.0909090909090909
0.1666666666666666
-0.3076923076923077
-0.2857142857142857
-0.0666666666666666
0.125
-0.0588235294117647
0.0
0.2631578947368421
-0.85
-0.1428571428571428
-0.6363636363636364
-0.125
-0.08
1.08
-0.2222222222222222
-0.2222222222222222
0.1071428571428571
-0.1034482758620689
-0.0666666666666666
0.6774193548387096
-0.15625
0.3636363636363636
-0.3235294117647059
-0.0857142857142857
0.8333333333333334
-0.3243243243243243
-0.2631578947368421
0.0
-0.5
0.0
0.4
0.4
0.2857142857142857
0.5714285714285714
0.6666666666666666
0.6666666666666666
1.4
0.6363636363636364
0.1666666666666666
0.3076923076923077
1.2857142857142858
0.4
-1.3125
0.3529411764705882
0.2777777777777778
-0.3888888888888889
-0.15
0.1428571428571428
0.2272727272727272
0.0869565217391304
0.0833333333333333
0.12
-1.1153846153846154
0.037037037037037
0.0357142857142857
1.0
-0.0333333333333333
0.064516129032258
-0.4375
0.0625
0.3529411764705882
0.088235294117647
-0.25
0.1351351351351351
-0.1578947368421052
0.0
0.0
0.6666666666666666
0.0
-0.2
-0.6666666666666666
-0.5714285714285714
-1.0
-0.5555555555555556
0.1111111111111111
-0.8181818181818182
0.25
-0.3076923076923077
0.2857142857142857
-0.5333333333333333
-0.6875
-0.5294117647058824
-0.4444444444444444
1.2105263157894737
-0.6
-0.6190476190476191
-0.6818181818181818
-0.4782608695652174
-0.0833333333333333
-0.36
0.4615384615384615
0.1785714285714285
-0.4642857142857143
1.0
-0.3870967741935484
0.09375
-0.4242424242424242
0.0606060606060606
1.4705882352941178
-0.4571428571428571
-0.3888888888888889
-0.2222222222222222
-0.3684210526315789
0.0
-1.0
0.3333333333333333
-0.3333333333333333
-1.2
-0.6
0.2857142857142857
-0.5714285714285714
0.5555555555555556
-0.6666666666666666
0.5454545454545454
-0.3636363636363636
-0.0769230769230769
-0.3571428571428571
-0.6
-0.6666666666666666
-0.2941176470588235
1.6470588235294117
-0.2631578947368421
-0.85
-0.25
-0.2857142857142857
-0.0869565217391304
-0.1739130434782608
0.9166666666666666
-0.16
0.2222222222222222
-0.037037037037037
-0.5172413793103449
0.5517241379310345
-0.2666666666666666
-0.1333333333333333
-0.34375
-0.3823529411764705
-0.3055555555555556
0.0
-1.162162162162162
-0.2894736842105263
0.0
-2.0
-2.0
-0.5
-0.6
-0.3333333333333333
-0.4285714285714285
-0.5
0.625
-0.3
-0.3636363636363636
0.5833333333333334
-0.5384615384615384
-0.3571428571428571
-0.4
-0.2666666666666666
0.0
-0.6111111111111112
-0.5263157894736842
-1.0
0.9523809523809524
-0.4761904761904761
-0.9130434782608696
-0.4347826086956521
-0.56
-0.4615384615384615
0.1111111111111111
-0.4285714285714285
-0.4285714285714285
-0.4666666666666667
-0.4193548387096774
0.3870967741935484
-0.4848484848484848
0.0909090909090909
-0.5428571428571428
0.7222222222222222
-0.5675675675675675
-0.1842105263157894
0.0
-0.5
-0.5
-0.3333333333333333
-0.25
0.3333333333333333
-0.3333333333333333
0.1428571428571428
-0.2222222222222222
-0.4
-0.7272727272727273
-0.3333333333333333
0.9166666666666666
-0.2857142857142857
1.0666666666666669
0.625
-0.5294117647058824
-0.5555555555555556
-0.0526315789473684
-0.631578947368421
-0.6666666666666666
0.3181818181818182
-0.6956521739130435
-0.4166666666666667
-0.76
-0.6153846153846154
-0.7037037037037037
-0.7142857142857143
0.0714285714285714
-0.7666666666666667
-0.8387096774193549
-1.59375
-0.7272727272727273
-0.7058823529411765
-0.6857142857142857
0.0277777777777777
-0.6756756756756757
0.2368421052631578
0.0
-0.5
0.25
-0.5
-0.1666666666666666
-0.1428571428571428
-0.25
-0.4444444444444444
0.0
-0.4545454545454545
0.0
0.0769230769230769
0.9285714285714286
0.4285714285714285
0.0625
-0.5882352941176471
0.2222222222222222
-0.1578947368421052
0.2
-0.1818181818181818
-0.3636363636363636
0.125
0.08
1.24
0.0769230769230769
0.5
0.0357142857142857
0.0357142857142857
-0.3448275862068966
0.0666666666666666
0.1290322580645161
0.21875
-0.6666666666666666
0.1470588235294117
1.0294117647058822
0.1111111111111111
-0.4594594594594595
0.1842105263157894
0.0
-0.3333333333333333
0.5
-0.4
-0.6666666666666666
-0.5
-0.375
-0.2222222222222222
0.7
0.0
-0.75
-0.3333333333333333
-0.0769230769230769
0.1428571428571428
0.1333333333333333
-0.875
0.3333333333333333
0.3333333333333333
1.4736842105263157
-0.4
-0.7142857142857143
0.9090909090909092
0.0
-0.0833333333333333
-0.625
-0.04
0.074074074074074
-0.4285714285714285
1.4482758620689655
-0.032258064516129
-1.03125
-0.0606060606060606
0.6176470588235294
-0.0588235294117647
0.25
-0.054054054054054
-0.054054054054054
1.0
0.0
0.0
-0.6666666666666666
0.0
-0.2
0.1666666666666666
-1.2857142857142858
0.125
-0.3333333333333333
-0.1
0.0909090909090909
1.8333333333333333
0.3846153846153846
0.0
-0.2
0.9375
-0.2352941176470588
-0.2222222222222222
0.0526315789473684
0.3
-0.238095238095238
-0.6818181818181818
-0.0869565217391304
-0.0416666666666666
-0.04
-0.52
0.0
0.6785714285714286
0.0
0.0
0.0
1.125
-0.5882352941176471
0.0294117647058823
-0.2857142857142857
0.1944444444444444
-0.4864864864864865
0.1578947368421052
0.0
0.5
0.3333333333333333
-0.75
-0.6
-0.8333333333333334
-0.4285714285714285
-0.5
0.1111111111111111
-0.9
0.0909090909090909
0.0833333333333333
0.1666666666666666
-0.0714285714285714
-0.4
-0.125
0.0
0.8333333333333334
-0.3157894736842105
-0.25
-0.6666666666666666
-0.2727272727272727
-0.1304347826086956
1.7083333333333333
-0.24
-0.6538461538461539
-0.1481481481481481
-0.1851851851851851
0.0
1.5333333333333334
-0.1290322580645161
-0.84375
0.0
0.0
0.1142857142857142
0.1666666666666666
-0.054054054054054
0.6052631578947368
0.0
-0.5
-0.6666666666666666
0.25
-0.8
0.8333333333333334
-1.1428571428571428
0.5714285714285714
-0.6666666666666666
0.5555555555555556
0.8
0.4166666666666667
-0.0769230769230769
0.7857142857142857
0.1333333333333333
-0.0625
-0.9411764705882352
0.1176470588235294
-0.2631578947368421
-0.25
0.1428571428571428
-0.2272727272727272
1.0434782608695652
-0.2916666666666667
-0.2
-0.5769230769230769
-0.2222222222222222
-0.25
0.5
-0.0967741935483871
-0.46875
-0.8125
-0.1212121212121212
-0.1212121212121212
0.4117647058823529
-0.2285714285714285
-0.2972972972972973
-0.0263157894736842
0.0
0.5
-1.3333333333333333
-0.5
0.4
-0.6666666666666666
-0.7142857142857143
-1.0
0.5555555555555556
-0.3
0.6363636363636364
-0.75
-0.3846153846153846
-0.9285714285714286
-0.9333333333333332
0.5625
-0.8823529411764706
-0.7777777777777778
-0.3684210526315789
-1.1
-1.0
1.0
-0.2608695652173913
-1.1666666666666667
0.4
-1.1923076923076923
-0.2962962962962963
-1.1851851851851851
-1.0357142857142858
-1.1724137931034482
1.7333333333333334
-1.25
-0.375
-1.2727272727272727
0.0
-1.1428571428571428
-0.2972972972972973
-1.1842105263157894
