0.0
0.0
0.0
1.0
1.0
0.6666666666666666
0.8571428571428571
1.875
0.7777777777777778
0.8
1.2727272727272727
1.1666666666666667
1.2307692307692308
1.2666666666666666
1.2666666666666666
2.0625
1.411764705882353
1.263157894736842
1.2
0.9047619047619048
1.3636363636363635
1.173913043478261
1.0
1.28
1.3461538461538465
1.148148148148148
1.8888888888888888
1.25
1.6206896551724137
1.0
1.1290322580645162
1.15625
1.0909090909090908
1.7941176470588236
1.6285714285714286
1.1111111111111112
1.162162162162162
1.131578947368421
0.0
0.5
0.0
1.4
0.8333333333333334
1.5714285714285714
1.0
1.5555555555555556
1.5
1.5
1.181818181818182
1.25
0.9230769230769232
1.0714285714285714
1.0666666666666669
1.25
1.1176470588235294
1.2222222222222223
1.6842105263157894
0.7
1.0952380952380951
0.8636363636363636
1.125
1.36
2.08
1.1111111111111112
1.1111111111111112
1.5
1.1724137931034482
1.2333333333333334
1.967741935483871
1.1875
1.5757575757575757
1.1176470588235294
1.0857142857142856
1.75
1.135135135135135
1.2894736842105263
0.0
0.0
1.0
1.6
1.4
1.1428571428571428
1.5714285714285714
1.6666666666666667
1.6666666666666667
2.2
1.6363636363636365
1.5
1.3846153846153846
2.357142857142857
1.4666666666666666
0.75
1.4705882352941178
1.3888888888888888
1.1111111111111112
1.2
1.3333333333333333
1.3636363636363635
1.3478260869565215
1.25
1.4
0.7692307692307693
1.2962962962962965
1.2857142857142858
2.103448275862069
1.0
1.2903225806451613
0.875
1.28125
1.4411764705882353
1.2941176470588236
1.1388888888888888
1.3243243243243243
1.394736842105263
0.0
0.5
1.3333333333333333
1.0
0.8
0.5
0.7142857142857143
0.25
0.8888888888888888
1.2222222222222223
0.7272727272727273
1.3333333333333333
1.0769230769230769
1.8571428571428568
0.9333333333333332
0.75
1.0
1.3333333333333333
2.0
0.9
0.8571428571428571
0.6363636363636364
0.9565217391304348
1.0833333333333333
1.12
1.5384615384615383
1.3928571428571428
1.0357142857142858
2.1
1.064516129032258
1.4375
1.0303030303030305
1.3636363636363635
2.411764705882353
1.0
1.0555555555555556
1.1388888888888888
1.0789473684210529
0.0
0.0
1.0
0.3333333333333333
0.2
0.8
1.2857142857142858
0.7142857142857143
1.7777777777777777
0.5555555555555556
2.0
0.8181818181818182
1.1538461538461535
0.8571428571428571
0.8
0.6
0.9411764705882352
2.5294117647058822
1.0
0.7
1.0
0.9523809523809524
1.2608695652173914
1.1304347826086956
2.0
1.16
1.5555555555555556
1.1851851851851851
1.2758620689655171
1.896551724137931
1.0666666666666669
1.1333333333333333
1.09375
1.0588235294117647
1.1666666666666667
1.1944444444444444
0.3243243243243243
1.1842105263157894
0.0
0.0
0.0
0.75
0.6
1.3333333333333333
0.4285714285714285
1.125
1.625
1.3
1.181818181818182
1.5833333333333333
1.0
1.2142857142857142
1.1333333333333333
1.0666666666666669
1.375
1.1111111111111112
1.2105263157894737
0.6
2.1904761904761907
1.1904761904761905
0.782608695652174
1.173913043478261
0.96
1.1153846153846154
1.6296296296296295
1.1428571428571428
1.1428571428571428
1.0666666666666669
1.096774193548387
1.4838709677419355
1.0606060606060606
1.3333333333333333
1.0
1.75
0.972972972972973
1.131578947368421
0.0
0.0
0.0
0.3333333333333333
0.75
1.1666666666666667
0.6666666666666666
1.5714285714285714
0.7777777777777778
0.7
0.7272727272727273
0.75
1.75
0.8571428571428571
2.0
1.5
0.7647058823529411
0.7222222222222222
0.9473684210526316
0.7894736842105263
0.7142857142857143
1.4545454545454546
0.6521739130434783
0.875
0.64
1.0
0.7037037037037037
0.6785714285714286
1.5
0.6666666666666666
0.935483870967742
0.3125
0.7272727272727273
0.9411764705882352
0.7714285714285715
1.5277777777777777
0.8108108108108109
1.5
0.0
0.0
1.5
1.0
1.0
1.0
0.875
1.4444444444444444
1.1
1.0909090909090908
1.1666666666666667
1.3076923076923077
2.2857142857142856
1.6428571428571428
1.25
1.1176470588235294
1.3333333333333333
1.0
1.3
1.181818181818182
1.0454545454545454
1.25
1.32
2.24
1.2692307692307692
1.6923076923076923
1.2142857142857142
1.2142857142857142
1.137931034482759
1.2333333333333334
1.2903225806451613
1.1875
0.9090909090909092
1.2941176470588236
2.0
1.3055555555555556
0.918918918918919
1.394736842105263
0.0
1.0
1.5
1.2
0.6666666666666666
1.0
0.625
1.1111111111111112
1.8
1.2727272727272727
1.0833333333333333
0.9166666666666666
1.1538461538461535
1.2857142857142858
1.2666666666666666
1.0625
1.4444444444444444
1.4444444444444444
2.1578947368421053
1.05
1.0
1.7272727272727273
1.173913043478261
1.125
0.9166666666666666
1.2
1.2592592592592593
0.9642857142857144
2.0689655172413794
1.2258064516129032
0.84375
1.2424242424242424
1.6176470588235294
1.2352941176470589
1.5
1.2432432432432432
1.2432432432432432
1.894736842105263
0.0
0.5
1.0
0.75
0.8
1.1666666666666667
0.5714285714285714
1.125
1.3333333333333333
0.9
1.0909090909090908
2.083333333333333
1.3076923076923077
1.0
0.9333333333333332
1.8125
0.8823529411764706
0.8888888888888888
1.263157894736842
1.65
0.9047619047619048
0.9545454545454546
1.0
1.2083333333333333
1.04
1.12
1.1111111111111112
1.75
1.103448275862069
1.2333333333333334
1.1290322580645162
2.0625
0.9705882352941176
1.1470588235294117
1.1714285714285717
1.25
1.054054054054054
1.263157894736842
0.0
1.5
1.3333333333333333
0.25
0.4
0.5
0.5714285714285714
1.125
0.7777777777777778
0.5
0.9090909090909092
0.8333333333333334
1.5833333333333333
0.8571428571428571
0.9333333333333332
0.9375
1.0588235294117647
1.8333333333333333
1.105263157894737
1.0
0.6666666666666666
1.0454545454545454
1.1304347826086956
2.25
1.08
0.8076923076923077
1.2222222222222223
1.0740740740740742
1.2413793103448276
2.333333333333333
1.1612903225806452
0.90625
1.2727272727272727
1.2647058823529411
1.3714285714285714
1.3611111111111112
1.3243243243243243
1.736842105263158
0.0
0.0
1.0
0.75
0.8
1.5
0.4285714285714285
1.2857142857142858
0.4444444444444444
1.4444444444444444
1.5
1.3333333333333333
1.0
1.7857142857142858
1.1333333333333333
1.0625
0.4117647058823529
1.2941176470588236
1.0526315789473684
1.05
1.5714285714285714
1.0909090909090908
2.0869565217391304
1.0416666666666667
1.12
1.0769230769230769
1.0740740740740742
1.0357142857142858
1.8
1.2580645161290325
1.03125
0.9375
1.2121212121212122
1.2121212121212122
1.6470588235294117
1.1428571428571428
1.0810810810810811
1.2105263157894737
0.0
1.5
0.3333333333333333
0.75
1.4
0.6666666666666666
0.5714285714285714
0.375
1.6666666666666667
1.0
1.818181818181818
0.8333333333333334
0.7692307692307693
0.7142857142857143
0.6666666666666666
1.75
0.7647058823529411
1.0555555555555556
1.0526315789473684
0.8
0.9047619047619048
2.1818181818181817
0.9130434782608696
0.7916666666666666
1.6
0.7692307692307693
0.8888888888888888
0.7407407407407407
0.7857142857142857
0.7241379310344828
2.2
0.75
1.0625
0.7272727272727273
1.7142857142857142
0.8571428571428571
1.1891891891891893
0.8157894736842105
