0.0
0.5
0.0
0.0
-0.2
1.4
-0.3333333333333333
-0.1428571428571428
-1.375
-0.2222222222222222
-1.5454545454545454
0.3636363636363636
0.8333333333333334
0.3846153846153846
-0.2857142857142857
0.5625
0.1764705882352941
0.1764705882352941
-0.1578947368421052
-1.05
0.0
0.0952380952380952
0.0869565217391304
0.7916666666666666
0.0
-0.0769230769230769
-0.1428571428571428
0.1034482758620689
-0.3448275862068966
0.0
-0.09375
-0.25
0.8235294117647058
0.0285714285714285
0.6111111111111112
0.054054054054054
0.054054054054054
-0.131578947368421
0.0
0.0
1.3333333333333333
0.3333333333333333
0.2
-0.1666666666666666
0.8571428571428571
0.0
-0.1111111111111111
0.3333333333333333
0.1
-0.3333333333333333
0.3846153846153846
0.0714285714285714
0.2666666666666666
0.0
0.1764705882352941
0.1666666666666666
0.6842105263157895
0.15
-0.8095238095238095
0.2272727272727272
0.1739130434782608
-0.3478260869565217
0.16
0.1153846153846153
0.1923076923076923
0.0357142857142857
0.0
1.1333333333333333
0.1612903225806451
0.03125
-0.1212121212121212
0.1764705882352941
-0.3142857142857143
0.1111111111111111
-0.972972972972973
0.131578947368421
0.0
2.0
1.0
0.75
-0.25
0.1666666666666666
0.5714285714285714
0.2857142857142857
0.0
-0.2
-0.3636363636363636
-0.25
-0.3846153846153846
-0.2857142857142857
-0.3333333333333333
-0.0625
-0.5294117647058824
-0.1666666666666666
-0.2105263157894736
-0.15
-0.4285714285714285
-0.1818181818181818
1.0
-0.2083333333333333
0.36
-0.1538461538461538
0.0
1.25
-0.2413793103448276
-0.4666666666666667
-0.1935483870967742
-0.9375
-0.3125
-0.4848484848484848
-0.2941176470588235
0.8285714285714286
-0.1891891891891892
-0.131578947368421
0.0
0.0
-0.3333333333333333
0.0
-0.8
0.1666666666666666
-0.8571428571428571
0.125
0.0
-1.1
0.7272727272727273
-1.25
-1.1538461538461535
-0.2142857142857142
-1.0
-0.1875
-0.8125
0.3888888888888889
-0.3157894736842105
-0.7
-0.6190476190476191
-0.3181818181818182
-0.5652173913043478
-0.0416666666666666
1.6
-0.5384615384615384
-0.8518518518518519
-0.3793103448275862
-0.3793103448275862
1.103448275862069
-0.3870967741935484
-0.3870967741935484
-0.6363636363636364
0.0588235294117647
-0.2285714285714285
-0.2285714285714285
-0.3888888888888889
-0.2894736842105263
0.0
0.0
1.3333333333333333
-0.3333333333333333
-0.4
-1.0
-0.7142857142857143
-0.7142857142857143
-0.5
-0.5555555555555556
-0.3
0.4545454545454545
-0.25
0.0
-0.7857142857142857
0.3333333333333333
-0.2352941176470588
-0.2777777777777778
0.0
-0.85
0.238095238095238
0.0454545454545454
0.9166666666666666
0.04
0.04
-1.0769230769230769
0.6666666666666666
0.1071428571428571
-0.1071428571428571
-0.3333333333333333
0.1612903225806451
-0.0625
0.1818181818181818
0.7352941176470589
0.1428571428571428
0.1111111111111111
1.4054054054054057
-0.0789473684210526
0.0
0.5
0.6666666666666666
-1.25
-0.6
-0.5
-0.2857142857142857
-0.125
0.5555555555555556
-0.2
-0.2727272727272727
1.6363636363636365
-0.3846153846153846
-0.4
-0.3125
-0.3125
-0.3333333333333333
-0.3333333333333333
0.5789473684210527
-0.35
-0.2272727272727272
0.8181818181818182
-0.1666666666666666
-0.1666666666666666
-0.2
-0.56
-0.3076923076923077
0.3571428571428571
-0.1724137931034483
-0.9655172413793104
-0.1612903225806451
-0.1875
-0.8529411764705882
-0.2
-0.6
-0.054054054054054
-0.054054054054054
0.131578947368421
0.0
0.3333333333333333
0.25
0.6
0.4
-0.1428571428571428
0.25
-0.3333333333333333
-1.0
0.5454545454545454
1.0
0.3076923076923077
0.2857142857142857
0.5
-0.1428571428571428
0.5
0.0588235294117647
0.7777777777777778
-0.1052631578947368
-0.1
-0.9047619047619048
0.0
-0.7391304347826086
0.0434782608695652
0.68
0.0384615384615384
-0.3333333333333333
0.0714285714285714
-0.7142857142857143
0.1
-0.4838709677419355
0.125
0.1818181818181818
0.1176470588235294
1.542857142857143
0.0555555555555555
-1.7027027027027026
0.131578947368421
0.0
0.5
0.3333333333333333
0.0
0.25
-0.8333333333333334
0.3333333333333333
-0.75
-0.25
-0.6
-0.6363636363636364
1.9166666666666667
-0.6153846153846154
-0.7142857142857143
-0.7333333333333333
0.8125
-0.8235294117647058
-0.5882352941176471
-0.7368421052631579
0.2105263157894736
-0.2857142857142857
-0.3478260869565217
-0.4583333333333333
0.5833333333333334
-0.5384615384615384
-0.4814814814814814
0.2857142857142857
-0.4642857142857143
-0.4642857142857143
0.0
0.064516129032258
-0.46875
-0.5757575757575758
-0.2058823529411764
-0.5142857142857142
-0.4285714285714285
-0.4864864864864865
-0.8157894736842105
0.0
-1.0
0.3333333333333333
-0.5
-0.6666666666666666
0.8333333333333334
-0.875
-1.0
-0.6666666666666666
-1.181818181818182
-0.9090909090909092
-0.6923076923076923
-0.6923076923076923
-0.1428571428571428
0.7333333333333333
-0.75
-0.75
0.7647058823529411
-0.7894736842105263
-0.1578947368421052
-0.75
0.1904761904761904
-1.0
-0.6956521739130435
-0.625
-1.04
-0.7407407407407407
-0.5
-0.5172413793103449
1.4
-0.0967741935483871
-0.5
-0.4545454545454545
1.5454545454545454
0.2352941176470588
-0.4444444444444444
1.054054054054054
-0.3947368421052631
0.0
0.5
2.0
-0.25
0.2
-0.1666666666666666
0.0
0.0
-0.1111111111111111
2.3
-1.0
-0.1666666666666666
-0.0769230769230769
-0.2142857142857142
-0.0666666666666666
-0.625
-0.2352941176470588
-0.7647058823529411
-0.0555555555555555
-0.2631578947368421
-0.35
-0.1428571428571428
-0.3636363636363636
-0.5217391304347826
0.25
-0.2692307692307692
0.0769230769230769
-0.2962962962962963
-0.3793103448275862
-0.4482758620689655
-0.4
-0.3870967741935484
-0.3636363636363636
0.6176470588235294
0.1176470588235294
-0.3888888888888889
1.054054054054054
-0.3684210526315789
0.0
-0.5
0.0
-1.0
-1.4
-0.5
2.0
-1.125
0.2222222222222222
-1.0
0.7272727272727273
-0.9166666666666666
-0.8461538461538461
-0.2857142857142857
-0.7333333333333333
-0.5333333333333333
-1.0
-0.7777777777777778
-0.7368421052631579
-0.5
-0.1904761904761904
-0.5454545454545454
0.0869565217391304
-0.5833333333333334
-0.64
-0.7307692307692307
-0.1923076923076923
-0.7857142857142857
0.1724137931034483
-0.6
1.5161290322580645
-0.65625
0.0909090909090909
-0.7352941176470589
-0.1764705882352941
-0.7222222222222222
-0.5945945945945946
-0.7631578947368421
