0.0
1.5
0.5
1.0
0.8
2.0
1.1666666666666667
0.8571428571428571
0.625
1.0
0.4545454545454545
1.181818181818182
1.9166666666666667
1.3076923076923077
1.0714285714285714
1.75
1.1176470588235294
1.1176470588235294
1.2105263157894737
0.8
1.0476190476190477
1.238095238095238
1.0869565217391304
1.8333333333333333
1.0
0.9615384615384616
0.9285714285714286
1.4137931034482758
1.0344827586206895
1.0666666666666669
1.0
1.15625
1.6764705882352942
1.1142857142857143
1.8611111111111112
1.162162162162162
1.162162162162162
1.1578947368421053
0.0
0.5
2.0
1.3333333333333333
1.2
0.8333333333333334
1.7142857142857142
1.125
1.4444444444444444
1.4444444444444444
1.2
0.9166666666666666
1.4615384615384617
1.6428571428571428
1.3333333333333333
1.1875
1.3529411764705883
1.3333333333333333
1.8421052631578947
1.35
0.7142857142857143
1.318181818181818
1.391304347826087
1.0869565217391304
1.36
1.3076923076923077
1.5
1.3214285714285714
1.3571428571428572
2.1
1.4838709677419355
1.4375
1.393939393939394
1.5294117647058822
1.0857142857142856
1.4722222222222223
0.6486486486486487
1.5
0.0
1.5
1.3333333333333333
1.0
0.5
0.8333333333333334
1.5714285714285714
1.1428571428571428
1.2222222222222223
0.8
0.7272727272727273
0.8333333333333334
0.8461538461538461
1.0714285714285714
0.9333333333333332
1.0625
1.0
1.1666666666666667
0.9473684210526316
1.05
1.0952380952380951
1.0
2.0
0.9583333333333334
1.48
1.0384615384615383
1.1923076923076923
2.392857142857143
0.9655172413793104
0.9
1.0
0.875
0.96875
0.8484848484848485
1.0
2.0285714285714285
1.162162162162162
1.2894736842105263
0.0
0.5
0.3333333333333333
1.0
0.4
1.1666666666666667
0.7142857142857143
1.25
1.2222222222222223
0.6
1.5454545454545454
0.5833333333333334
0.6153846153846154
0.8571428571428571
0.6666666666666666
1.0
0.8125
2.0
1.105263157894737
0.8
0.9047619047619048
1.4090909090909092
0.9565217391304348
1.25
2.44
0.9615384615384616
0.7407407407407407
1.0689655172413792
1.0689655172413792
2.0
1.032258064516129
0.8709677419354839
0.7878787878787878
1.2058823529411764
1.1428571428571428
1.1428571428571428
1.0555555555555556
1.0789473684210529
0.0
0.5
2.0
1.0
0.8
0.3333333333333333
0.7142857142857143
0.7142857142857143
1.0
0.6666666666666666
1.1
1.7272727272727273
1.1666666666666667
1.3076923076923077
0.9285714285714286
1.4666666666666666
1.2352941176470589
1.1666666666666667
1.35
0.7
1.5714285714285714
1.4090909090909092
2.0
1.48
1.48
0.3846153846153846
1.5185185185185186
1.5357142857142858
1.1071428571428572
1.1333333333333333
1.5806451612903225
1.4375
1.606060606060606
1.9705882352941173
1.542857142857143
1.5
2.45945945945946
1.131578947368421
0.0
1.5
1.0
0.25
0.8
0.8333333333333334
0.7142857142857143
1.375
1.8888888888888888
1.2
1.0909090909090908
2.272727272727273
1.1538461538461535
1.1333333333333333
1.0
1.0
1.0555555555555556
1.0555555555555556
1.631578947368421
1.0
1.2727272727272727
1.6363636363636365
1.2916666666666667
1.2916666666666667
1.24
0.96
1.1923076923076923
1.4642857142857142
1.2758620689655171
0.6896551724137931
1.2903225806451613
1.09375
0.6764705882352942
1.2571428571428571
0.9142857142857144
1.351351351351351
1.351351351351351
1.4210526315789471
0.0
1.3333333333333333
1.25
1.8
1.6
0.8571428571428571
1.5
0.8888888888888888
0.7777777777777778
1.9090909090909087
1.818181818181818
1.6923076923076923
1.6428571428571428
1.7142857142857142
1.2857142857142858
1.375
1.5294117647058822
1.8888888888888888
1.368421052631579
1.35
0.8095238095238095
1.5
0.9130434782608696
1.565217391304348
1.72
1.5
0.925925925925926
1.5
0.6785714285714286
1.5333333333333334
1.0
1.53125
1.181818181818182
1.5
2.2857142857142856
1.4444444444444444
0.2972972972972973
1.5263157894736843
0.0
1.5
1.3333333333333333
1.0
1.5
1.1666666666666667
1.3333333333333333
1.25
1.125
1.2
1.0909090909090908
2.1666666666666665
0.9230769230769232
0.9285714285714286
0.8666666666666667
2.125
0.7647058823529411
1.1176470588235294
0.8421052631578947
0.9473684210526316
1.0476190476190477
1.0
0.9583333333333334
1.9583333333333333
0.8846153846153846
0.9629629629629628
1.5714285714285714
0.9642857142857144
0.9642857142857144
1.3448275862068966
1.2258064516129032
1.0625
1.0303030303030305
1.2058823529411764
1.0571428571428572
1.0857142857142856
1.0810810810810811
0.8157894736842105
0.0
0.0
1.0
0.75
0.6666666666666666
2.0
0.875
1.3333333333333333
1.1111111111111112
0.9090909090909092
0.3636363636363636
1.2307692307692308
1.2307692307692308
1.3571428571428572
1.5333333333333334
1.125
1.125
1.588235294117647
1.0
1.105263157894737
1.0
1.2857142857142858
1.0
1.0434782608695652
1.125
0.84
0.8518518518518519
1.2142857142857142
1.1724137931034482
2.1333333333333333
1.4193548387096775
1.1875
1.2424242424242424
2.1818181818181817
1.4705882352941178
1.1944444444444444
1.945945945945946
1.236842105263158
0.0
1.5
1.3333333333333333
0.75
1.2
0.8333333333333334
1.1428571428571428
1.0
1.0
2.2
0.9090909090909092
1.0
1.1538461538461535
1.2142857142857142
1.2
0.75
1.2352941176470589
0.7058823529411765
1.1666666666666667
1.1578947368421053
1.1
1.1904761904761905
1.1363636363636365
1.0869565217391304
1.5833333333333333
1.1923076923076923
1.1923076923076923
1.148148148148148
1.103448275862069
1.103448275862069
1.0666666666666669
1.096774193548387
1.0606060606060606
1.7352941176470589
1.3529411764705883
1.0555555555555556
2.054054054054054
1.0526315789473684
0.0
0.0
1.0
0.0
0.8
0.6666666666666666
2.2857142857142856
0.5
1.7777777777777777
0.5
1.7272727272727273
0.5
0.5384615384615384
1.0
0.6666666666666666
1.0
0.5625
0.5555555555555556
0.5789473684210527
1.3
1.0952380952380951
0.7727272727272727
1.565217391304348
0.75
0.84
0.8076923076923077
1.0769230769230769
0.7857142857142857
1.2758620689655171
0.9333333333333332
2.3548387096774195
0.875
1.303030303030303
0.8235294117647058
1.2647058823529411
0.8611111111111112
1.0
0.8157894736842105
