0.0
-1.5
-0.5
0.0
0.0
-1.2
-0.3333333333333333
0.7142857142857143
0.5
0.6666666666666666
0.6363636363636364
-0.3636363636363636
-0.25
-0.1538461538461538
0.0714285714285714
-0.125
0.2941176470588235
0.1764705882352941
-0.1578947368421052
-0.15
0.0476190476190476
-0.238095238095238
0.391304347826087
-0.3333333333333333
0.04
0.1923076923076923
0.1428571428571428
-0.0689655172413793
-0.0689655172413793
-0.0333333333333333
-0.15625
0.0
-0.088235294117647
0.0857142857142857
-0.0833333333333333
-0.1081081081081081
0.027027027027027
0.0
0.0
-0.5
-0.6666666666666666
-0.6666666666666666
-0.2
0.1666666666666666
-0.5714285714285714
0.5
0.1111111111111111
-0.2222222222222222
0.8
0.5833333333333334
0.0
-0.2857142857142857
-0.0666666666666666
0.0625
0.0588235294117647
0.2222222222222222
-0.4736842105263157
-0.3
0.238095238095238
0.0454545454545454
-0.1739130434782608
0.1304347826086956
-0.16
0.1538461538461538
-0.1538461538461538
0.1785714285714285
-0.0714285714285714
-0.0666666666666666
-0.064516129032258
-0.125
0.2424242424242424
0.088235294117647
-0.0857142857142857
0.0
0.1891891891891892
-0.1052631578947368
0.0
-1.5
0.0
0.75
0.5
0.6666666666666666
-0.4285714285714285
-0.1428571428571428
-0.3333333333333333
0.4
-0.2727272727272727
-0.4166666666666667
0.6923076923076923
-0.2857142857142857
-0.1333333333333333
0.125
0.1764705882352941
-0.0555555555555555
0.0
-0.15
0.0
-0.0909090909090909
-0.0434782608695652
0.0833333333333333
-0.24
0.0384615384615384
0.0384615384615384
-0.3571428571428571
0.1724137931034483
0.0333333333333333
0.1290322580645161
-0.09375
0.0625
-0.0606060606060606
0.0
-0.1142857142857142
-0.2702702702702703
0.2368421052631578
0.0
-0.5
1.6666666666666667
-0.6666666666666666
0.0
-0.8333333333333334
0.5714285714285714
-0.25
-0.2222222222222222
0.4
-0.5454545454545454
0.0833333333333333
0.2307692307692307
-0.1428571428571428
0.1333333333333333
0.25
-0.125
-0.3888888888888889
0.0526315789473684
-0.3
-0.238095238095238
-0.1818181818181818
-0.1739130434782608
0.125
-0.24
-0.1538461538461538
0.074074074074074
0.0344827586206896
0.0
-0.1379310344827586
0.1935483870967742
-0.064516129032258
0.1212121212121212
0.088235294117647
0.0
-0.0571428571428571
0.1111111111111111
0.0
0.0
-0.5
-1.0
-0.6666666666666666
0.6
0.5
0.4285714285714285
0.1428571428571428
0.125
0.2222222222222222
0.8
0.1818181818181818
0.0
0.0769230769230769
-0.2142857142857142
0.0
0.0
0.0555555555555555
0.0
0.25
0.2857142857142857
-0.2727272727272727
0.2083333333333333
-0.24
0.12
0.1153846153846153
0.1851851851851851
-0.1071428571428571
0.1071428571428571
0.0
-0.3870967741935484
0.15625
0.0
-0.0294117647058823
-0.0857142857142857
0.0833333333333333
-0.2162162162162162
0.1052631578947368
0.0
-1.5
-0.6666666666666666
0.0
-0.4
0.0
0.4285714285714285
-0.5
-0.2222222222222222
-1.0
-0.0909090909090909
-0.5454545454545454
-0.5384615384615384
0.0
0.0
-0.25
0.1666666666666666
0.0
-0.3684210526315789
0.1
-0.5454545454545454
0.0909090909090909
-0.0833333333333333
-0.3333333333333333
-0.12
0.2
0.0769230769230769
0.0357142857142857
0.0344827586206896
0.1724137931034483
0.1935483870967742
0.09375
0.0588235294117647
-0.0571428571428571
-0.1142857142857142
-0.1351351351351351
-0.054054054054054
0.0263157894736842
0.0
0.0
0.25
-0.2
0.4
0.1428571428571428
-0.5
0.3333333333333333
0.7777777777777778
-0.8181818181818182
0.2727272727272727
0.2307692307692307
-0.2142857142857142
-0.1428571428571428
0.2857142857142857
-0.1875
-0.1764705882352941
-0.3333333333333333
0.2631578947368421
-0.15
0.0
-0.0454545454545454
0.2608695652173913
0.0434782608695652
0.04
0.1538461538461538
0.037037037037037
-0.1428571428571428
0.0714285714285714
-0.1333333333333333
-0.032258064516129
-0.03125
0.0303030303030303
0.1176470588235294
-0.2285714285714285
0.0277777777777777
0.1351351351351351
-0.1578947368421052
0.0
0.0
-0.3333333333333333
0.3333333333333333
-0.5
-0.5
-0.1666666666666666
-0.25
0.0
0.2
0.0909090909090909
-0.75
-0.0769230769230769
0.5714285714285714
0.2666666666666666
-0.4375
0.4705882352941176
-0.3529411764705882
0.1578947368421052
-0.0526315789473684
-0.0952380952380952
0.2608695652173913
-0.25
-0.25
0.3846153846153846
-0.1111111111111111
-0.1071428571428571
0.0
0.0
0.0
-0.1612903225806451
0.125
0.0909090909090909
-0.0588235294117647
0.0571428571428571
0.0285714285714285
0.1891891891891892
0.0
0.0
1.0
-1.0
-0.5
0.3333333333333333
-1.3333333333333333
0.25
0.3333333333333333
0.3333333333333333
0.3636363636363636
0.1818181818181818
-0.4615384615384615
-0.0769230769230769
-0.2857142857142857
-0.0666666666666666
0.0
0.1875
-0.1176470588235294
0.1052631578947368
0.1052631578947368
0.35
-0.0952380952380952
-0.0909090909090909
0.0434782608695652
0.0
0.16
0.2962962962962963
-0.0714285714285714
0.0344827586206896
-0.1
0.0
-0.1875
-0.1212121212121212
-0.2424242424242424
-0.0294117647058823
-0.0555555555555555
0.027027027027027
0.1052631578947368
0.0
-1.0
-0.3333333333333333
0.25
-0.4
0.3333333333333333
0.2857142857142857
-0.25
-0.4444444444444444
-0.5
-0.1818181818181818
0.5
-0.1538461538461538
0.0
0.1333333333333333
0.375
-0.0588235294117647
0.2352941176470588
-0.1111111111111111
-0.0526315789473684
0.15
0.0476190476190476
0.0454545454545454
0.1739130434782608
-0.0833333333333333
-0.1153846153846153
0.0
0.074074074074074
0.0689655172413793
0.0
0.2666666666666666
-0.064516129032258
0.2424242424242424
-0.1764705882352941
-0.1764705882352941
-0.1388888888888889
-0.1351351351351351
0.0789473684210526
0.0
0.5
-1.0
0.25
-0.6
0.8333333333333334
-1.2857142857142858
0.125
-0.8888888888888888
0.6
-0.6363636363636364
-0.1666666666666666
0.0
-0.2857142857142857
-0.2
0.0666666666666666
0.0625
0.2777777777777778
0.5789473684210527
-0.2
-0.1904761904761904
-0.0909090909090909
-0.0434782608695652
-0.125
0.0
0.1923076923076923
0.0769230769230769
0.0
0.0
-0.1333333333333333
-0.2580645161290322
-0.09375
0.0606060606060606
0.0
-0.1176470588235294
0.1111111111111111
-0.1621621621621621
0.0526315789473684
