0.0
-1.5
-0.5
0.0
0.0
-1.2
-0.3333333333333333
0.8571428571428571
0.5
0.8888888888888888
0.7272727272727273
-0.5454545454545454
-0.75
0.1538461538461538
0.2142857142857142
-0.5625
0.6470588235294118
0.1176470588235294
-0.0526315789473684
0.3
0.2857142857142857
-0.1904761904761904
0.7391304347826086
-0.7916666666666666
0.12
0.3846153846153846
0.1071428571428571
-0.4137931034482758
-0.0344827586206896
0.5333333333333333
-0.40625
-0.15625
-0.6176470588235294
0.1714285714285714
-0.75
0.0
0.8378378378378378
-0.0263157894736842
0.0
-0.5
-0.6666666666666666
-0.6666666666666666
-0.2
0.1666666666666666
-0.8571428571428571
0.0
-0.1111111111111111
-0.1111111111111111
1.1
0.5833333333333334
-0.2307692307692307
-0.2142857142857142
-0.4
0.0625
-0.5294117647058824
0.2777777777777778
-0.5789473684210527
0.25
0.6190476190476191
0.0
-0.6086956521739131
0.3043478260869565
-0.68
-0.0769230769230769
-0.1923076923076923
0.3928571428571428
-0.0357142857142857
-0.6666666666666666
0.3870967741935484
-0.25
0.0909090909090909
0.5294117647058824
0.4
-0.3333333333333333
0.8648648648648649
-0.1842105263157894
0.0
-1.5
0.0
0.75
0.5
0.6666666666666666
-0.4285714285714285
-0.4285714285714285
-0.3333333333333333
0.5
-0.2727272727272727
-0.1666666666666666
1.3076923076923077
-0.2857142857142857
0.4
1.125
0.0
-0.2222222222222222
0.4210526315789473
-0.3
-0.0476190476190476
0.0
-1.0
0.2083333333333333
-0.44
0.3846153846153846
-0.1538461538461538
-1.3928571428571428
0.4137931034482758
0.1333333333333333
0.4838709677419355
0.09375
0.3125
0.0909090909090909
0.1176470588235294
-0.9714285714285714
-0.1081081081081081
-0.1578947368421052
0.0
-0.5
1.6666666666666667
-0.6666666666666666
0.0
-0.8333333333333334
0.4285714285714285
-0.625
-0.5555555555555556
1.4
-1.0
0.0
0.3846153846153846
-0.2142857142857142
0.2666666666666666
-0.1875
0.0
-1.2222222222222223
-0.3157894736842105
0.35
0.2857142857142857
-0.5454545454545454
0.217391304347826
-0.2083333333333333
-1.44
0.4615384615384615
0.1851851851851851
0.6896551724137931
0.4137931034482758
-0.9310344827586208
1.096774193548387
0.1612903225806451
0.303030303030303
-0.0588235294117647
-0.3142857142857143
-0.0571428571428571
0.0833333333333333
0.2631578947368421
0.0
-0.5
-1.0
-0.6666666666666666
0.6
0.5
0.8571428571428571
0.0
0.25
0.5555555555555556
1.6
-0.4545454545454545
0.5
0.4615384615384615
0.3571428571428571
-0.2666666666666666
-0.2941176470588235
-0.0555555555555555
0.35
0.65
-0.1428571428571428
-0.2272727272727272
-0.4583333333333333
-0.56
-0.28
1.0384615384615383
-0.037037037037037
0.1071428571428571
0.4285714285714285
0.4
-1.2580645161290325
0.1875
-0.7575757575757576
-0.3823529411764705
-0.7142857142857143
-0.1944444444444444
-0.918918918918919
0.4473684210526316
0.0
-1.5
-0.6666666666666666
0.0
-0.4
0.0
0.4285714285714285
-0.125
-0.5555555555555556
-0.7
0.2727272727272727
-1.181818181818182
-0.2307692307692307
-0.0666666666666666
-0.4375
0.0
0.3888888888888889
0.5555555555555556
-0.631578947368421
0.1
-0.2727272727272727
-0.3636363636363636
-0.0416666666666666
-0.6666666666666666
0.8
0.28
0.1923076923076923
-0.25
0.3448275862068966
0.5862068965517241
1.1290322580645162
0.15625
0.5882352941176471
-0.2571428571428571
0.3428571428571428
-0.2162162162162162
0.1621621621621621
-0.0789473684210526
0.0
0.0
0.25
-0.2
0.4
0.4285714285714285
-0.5
0.7777777777777778
0.8888888888888888
-1.2727272727272727
0.0909090909090909
0.3846153846153846
-0.7857142857142857
-0.0714285714285714
0.3571428571428571
0.25
-1.0
-0.4444444444444444
0.4210526315789473
-1.0
0.6190476190476191
-0.5909090909090909
0.6521739130434783
0.1304347826086956
-0.2
0.8076923076923077
0.5185185185185185
-0.5
0.8214285714285714
-0.2
0.4838709677419355
-0.5625
0.3333333333333333
0.3529411764705882
-0.8285714285714286
0.1388888888888889
1.1891891891891893
-0.6842105263157895
0.0
0.0
-0.3333333333333333
0.3333333333333333
-0.5
-0.5
-0.1666666666666666
-0.375
0.125
0.5
-0.1818181818181818
-1.0833333333333333
0.0769230769230769
-0.0714285714285714
0.4
-1.3125
0.3529411764705882
-0.3529411764705882
0.2631578947368421
-0.1052631578947368
-0.1904761904761904
-0.0434782608695652
-0.0833333333333333
-1.0
1.3846153846153846
0.1111111111111111
-0.6071428571428571
0.25
0.6785714285714286
-0.3103448275862069
-0.2258064516129032
1.03125
0.0606060606060606
-0.2058823529411764
0.2
-0.0285714285714285
1.0
0.2368421052631578
0.0
1.0
-1.0
-0.5
0.3333333333333333
-1.3333333333333333
1.0
-0.2222222222222222
1.2222222222222223
1.0909090909090908
0.5454545454545454
-0.3846153846153846
-0.0769230769230769
-0.2142857142857142
-0.4
-0.125
0.1875
-0.4705882352941176
0.0
-0.1052631578947368
0.75
-0.2857142857142857
-0.0454545454545454
-0.1739130434782608
0.0833333333333333
0.28
0.2962962962962963
0.3928571428571428
0.5172413793103449
-1.0
-0.2903225806451613
-0.4375
-0.5757575757575758
-0.9393939393939394
-0.2352941176470588
-0.25
-0.7567567567567568
0.4473684210526316
0.0
-1.0
-0.3333333333333333
0.25
-0.4
0.3333333333333333
-0.1428571428571428
0.0
-0.3333333333333333
-1.3
-0.0909090909090909
0.4166666666666667
0.0769230769230769
-0.1428571428571428
0.6666666666666666
0.375
0.1176470588235294
0.5294117647058824
0.0
0.0
0.25
0.0
0.4545454545454545
0.1304347826086956
-0.4166666666666667
-0.3076923076923077
0.0
-0.074074074074074
0.0
0.0
0.8666666666666667
-0.032258064516129
0.2727272727272727
-0.7058823529411765
-0.3235294117647059
-0.1666666666666666
-1.0
0.0
0.0
0.5
-1.0
0.25
-0.6
0.8333333333333334
-1.7142857142857142
0.5
-1.2222222222222223
0.7
-1.181818181818182
-0.0833333333333333
0.3846153846153846
-0.5
0.0666666666666666
-0.3333333333333333
0.0625
1.1111111111111112
1.7894736842105263
-0.6
-0.4285714285714285
0.3636363636363636
-0.782608695652174
0.7916666666666666
-0.12
1.5
-0.2692307692307692
0.0
-0.4137931034482758
-0.0666666666666666
-1.4516129032258065
0.25
-0.4545454545454545
0.3235294117647059
-0.4411764705882353
0.8611111111111112
-0.1621621621621621
0.7894736842105263
