0
0
0
4
4
4
5
11
8
11
8
4
8
6
9
6
10
8
4
3
4
3
15
3
4
8
5
4
4
6
2
7
7
10
8
7
12
8
0
0
4
2
5
6
5
9
7
7
15
12
10
8
7
5
6
9
4
1
8
6
4
8
3
10
6
10
5
9
10
8
12
15
9
7
10
4
0
0
4
7
4
9
5
4
4
7
0
0
12
3
4
11
9
6
7
4
5
3
6
7
5
6
5
5
10
5
8
4
6
3
6
6
2
12
0
0
6
1
2
2
8
4
5
8
4
3
6
3
6
7
5
6
6
0
1
6
4
10
9
2
6
7
6
6
13
7
8
8
8
6
9
5
0
0
3
1
7
5
8
5
6
7
15
9
9
10
7
7
7
5
9
9
12
4
13
4
13
7
9
6
9
9
0
12
10
11
5
8
5
7
0
0
1
1
2
5
8
6
11
0
6
7
1
4
4
4
10
7
6
6
0
12
10
4
6
9
8
6
7
6
15
6
6
2
4
5
8
11
0
4
6
8
10
6
4
10
10
3
12
13
5
8
8
5
1
4
8
1
4
6
10
11
11
13
6
2
6
4
7
9
8
10
5
7
6
2
0
3
3
4
4
4
7
4
6
10
6
3
3
10
5
1
8
0
6
3
5
9
1
7
15
2
5
5
5
7
8
12
10
4
9
7
13
6
0
3
0
1
6
4
9
9
12
10
6
3
8
6
7
8
11
6
5
3
10
3
2
6
8
8
10
8
8
6
7
1
3
7
8
6
6
10
0
1
3
4
4
7
7
5
2
5
4
10
5
6
11
9
8
9
6
6
7
7
5
7
6
3
6
8
6
4
9
2
11
3
3
0
5
8
0
1
0
1
1
9
4
5
5
10
2
0
3
2
2
5
4
8
15
4
4
5
8
4
4
12
7
4
7
6
7
4
6
3
3
7
3
5
