0.0
-0.5
-0.5
-0.25
0.0
-0.2
-0.1666666666666666
0.8571428571428571
0.0
1.4444444444444444
0.3636363636363636
-0.9090909090909092
0.3333333333333333
0.3846153846153846
0.3571428571428571
0.25
0.4705882352941176
0.0588235294117647
0.2105263157894736
0.05
0.1904761904761904
0.0
0.9565217391304348
0.0416666666666666
-0.56
0.0769230769230769
-0.4285714285714285
-0.0344827586206896
-0.0344827586206896
0.3333333333333333
-1.0625
-0.09375
-0.0294117647058823
-0.1714285714285714
0.0277777777777777
-0.2702702702702703
0.8378378378378378
0.0263157894736842
0.0
-1.0
0.3333333333333333
0.0
0.0
-0.3333333333333333
-0.1428571428571428
-0.625
0.2222222222222222
0.2222222222222222
1.5
0.4166666666666667
0.0
0.3571428571428571
-0.4666666666666667
0.125
-0.5882352941176471
0.0
0.1052631578947368
0.45
0.1428571428571428
0.1363636363636363
-0.7391304347826086
0.1739130434782608
-0.84
0.0
0.1153846153846153
0.75
0.0357142857142857
0.1
0.4838709677419355
-0.15625
0.1515151515151515
0.9411764705882352
0.1142857142857142
-0.0277777777777777
0.1351351351351351
-0.1842105263157894
0.0
-2.0
1.3333333333333333
0.5
0.75
0.8333333333333334
0.2857142857142857
-0.8571428571428571
-0.1111111111111111
0.3
-0.6363636363636364
-0.5
1.2307692307692308
-0.4285714285714285
-0.1333333333333333
1.125
-0.1176470588235294
-0.2222222222222222
0.2631578947368421
-1.15
-0.1428571428571428
-0.0909090909090909
-0.1739130434782608
-0.1666666666666666
-0.16
0.1538461538461538
-0.1538461538461538
-0.1785714285714285
0.1379310344827586
-0.1666666666666666
0.3548387096774194
-0.3125
0.0625
-0.3333333333333333
-0.1470588235294117
-0.2571428571428571
-0.3513513513513513
-0.2105263157894736
0.0
-1.0
1.6666666666666667
-0.3333333333333333
-0.6
-1.1666666666666667
-0.4285714285714285
-0.875
-0.7777777777777778
0.6
-1.3636363636363635
-0.6666666666666666
0.0769230769230769
-1.0714285714285714
-0.5333333333333333
-0.8125
-0.375
-0.7777777777777778
-0.7368421052631579
-0.1
-0.0952380952380952
-0.6363636363636364
-0.1739130434782608
-0.5
-0.52
0.1923076923076923
-0.5555555555555556
0.1724137931034483
0.3793103448275862
-0.3793103448275862
1.0
-0.3870967741935484
-0.2727272727272727
-0.2352941176470588
-0.7142857142857143
-0.2
-0.2222222222222222
0.1578947368421052
0.0
-1.0
-0.3333333333333333
-0.3333333333333333
0.4
-0.3333333333333333
0.5714285714285714
-0.7142857142857143
-0.125
-0.2222222222222222
2.0
-0.0909090909090909
0.4166666666666667
0.6923076923076923
0.0
-0.2
-0.2941176470588235
-0.1666666666666666
0.2
0.0
0.0476190476190476
-0.1818181818181818
0.125
-0.44
-0.6
0.0
0.074074074074074
0.4642857142857143
0.1071428571428571
0.1333333333333333
-1.1290322580645162
0.1875
-0.7575757575757576
0.1764705882352941
-0.6285714285714286
-0.1388888888888889
0.1621621621621621
0.1842105263157894
0.0
-1.5
-1.0
-0.75
-1.0
-0.6666666666666666
-0.2857142857142857
0.0
-0.1111111111111111
-0.7
0.2727272727272727
-0.2727272727272727
-0.4615384615384615
-0.2666666666666666
-0.75
-0.3125
-0.1111111111111111
0.7777777777777778
-0.5263157894736842
-0.45
-0.4090909090909091
-0.2272727272727272
-0.25
-0.75
0.88
-0.2
0.3076923076923077
-0.2857142857142857
0.0344827586206896
-0.1724137931034483
1.6129032258064515
-0.25
-0.2058823529411764
-0.5428571428571428
-0.2
-0.1891891891891892
0.054054054054054
-0.0526315789473684
0.0
0.3333333333333333
0.5
0.4
0.6
0.1428571428571428
-0.5
0.3333333333333333
0.3333333333333333
-0.3636363636363636
0.5454545454545454
1.1538461538461535
-0.2857142857142857
0.2857142857142857
0.2857142857142857
0.125
-1.0588235294117647
-0.0555555555555555
0.2631578947368421
-1.7
-0.0476190476190476
-0.4090909090909091
0.0434782608695652
0.5217391304347826
0.04
1.3076923076923077
-0.037037037037037
-0.7857142857142857
0.0714285714285714
-0.1333333333333333
0.064516129032258
-0.65625
0.1212121212121212
0.9411764705882352
0.0571428571428571
0.3333333333333333
0.081081081081081
-0.5
0.0
0.5
-0.6666666666666666
0.3333333333333333
-0.5
-0.8333333333333334
-0.8333333333333334
-0.25
-0.75
0.6
-0.7272727272727273
-0.5833333333333334
-0.6923076923076923
-0.2857142857142857
-0.3333333333333333
-0.75
-0.1176470588235294
-0.8235294117647058
-0.2631578947368421
-0.7368421052631579
-0.6666666666666666
-0.4782608695652174
-0.7083333333333334
-0.4583333333333333
1.3076923076923077
-0.5925925925925926
-0.4642857142857143
0.0357142857142857
0.4642857142857143
-0.4137931034482758
-0.5161290322580645
1.0625
-0.4848484848484848
-0.5882352941176471
0.2285714285714285
-0.5142857142857142
1.108108108108108
-0.5263157894736842
0.0
-0.3333333333333333
-1.0
-0.75
-0.5
-0.6666666666666666
1.75
-0.6666666666666666
1.3333333333333333
0.9090909090909092
-1.181818181818182
-0.8461538461538461
-0.0769230769230769
-0.8571428571428571
-0.8
-0.875
-0.0625
-0.7058823529411765
-0.9473684210526316
-0.7894736842105263
0.55
-0.7142857142857143
-0.8181818181818182
-0.391304347826087
-0.1666666666666666
-0.6
-0.6296296296296297
0.5714285714285714
0.7931034482758621
-0.5666666666666667
-0.5483870967741935
-1.03125
-0.9696969696969696
-0.4545454545454545
-0.4411764705882353
-0.6388888888888888
-0.4324324324324324
0.3684210526315789
0.0
0.0
0.0
0.5
-0.2
-0.6666666666666666
-0.2857142857142857
-0.125
-0.6666666666666666
-0.2
-0.2727272727272727
0.5
-0.0769230769230769
-0.2142857142857142
0.8666666666666667
-0.4375
0.2941176470588235
-0.2352941176470588
-0.2777777777777778
-0.3684210526315789
0.05
-0.238095238095238
0.7727272727272727
-0.2608695652173913
-0.3333333333333333
-0.7307692307692307
-0.2692307692307692
-0.5555555555555556
0.0
-0.3793103448275862
1.0
-0.3870967741935484
0.1212121212121212
-0.4117647058823529
-0.4117647058823529
-0.6388888888888888
-0.3783783783783784
-0.5
0.0
0.0
-1.0
-0.75
-0.8
0.3333333333333333
-0.7142857142857143
-1.0
-1.0
-0.1
-0.9090909090909092
-1.0833333333333333
-0.9230769230769232
-0.9285714285714286
-0.0666666666666666
-0.7333333333333333
-0.75
0.3888888888888889
1.736842105263158
-0.65
-0.6666666666666666
-0.1818181818181818
-0.5217391304347826
0.25
-0.8
1.7307692307692308
-0.7307692307692307
-0.9285714285714286
-0.6896551724137931
-0.8333333333333334
-0.6129032258064516
-0.21875
-0.7272727272727273
-0.2647058823529412
-0.7352941176470589
0.5555555555555556
-0.7567567567567568
0.4736842105263157
