0.0
0.0
0.0
1.0
0.8
0.8
0.8333333333333334
1.7142857142857142
1.125
1.8888888888888888
1.181818181818182
0.6363636363636364
1.1666666666666667
1.4615384615384617
1.2857142857142858
1.1875
1.7647058823529411
1.2352941176470589
1.1578947368421053
1.1
1.3333333333333333
1.0476190476190477
1.826086956521739
1.0416666666666667
1.12
1.3461538461538465
1.0357142857142858
1.0
1.0
1.6
0.59375
1.0
1.0588235294117647
1.2857142857142858
1.1111111111111112
1.162162162162162
2.0
1.131578947368421
0.0
0.0
1.3333333333333333
0.6666666666666666
1.0
1.0
0.8571428571428571
1.125
1.3333333333333333
1.3333333333333333
2.3
1.5
1.2307692307692308
1.4285714285714286
0.9333333333333332
1.25
0.8235294117647058
1.6111111111111112
1.263157894736842
1.6
1.3333333333333333
1.318181818181818
0.782608695652174
1.391304347826087
0.68
1.2307692307692308
1.3076923076923077
1.7142857142857142
1.3214285714285714
1.4333333333333331
1.870967741935484
1.1875
1.4848484848484849
2.0588235294117645
1.4857142857142858
1.1388888888888888
1.5135135135135136
1.3157894736842106
0.0
0.0
1.3333333333333333
1.75
1.0
1.5
1.1428571428571428
0.7142857142857143
0.8888888888888888
1.3
0.4545454545454545
0.6666666666666666
2.1538461538461537
0.7857142857142857
1.3333333333333333
2.1875
1.0
0.9444444444444444
1.368421052631579
0.75
1.0476190476190477
1.0
1.0
1.1666666666666667
1.04
1.4230769230769231
1.0384615384615383
1.0
1.3793103448275863
1.0333333333333334
1.4838709677419355
0.96875
1.28125
0.9393939393939394
1.1176470588235294
1.0571428571428572
1.054054054054054
1.131578947368421
0.0
0.0
2.0
0.3333333333333333
0.4
0.3333333333333333
1.1428571428571428
0.625
0.6666666666666666
2.0
0.5454545454545454
0.5833333333333334
1.0
0.6428571428571429
0.9333333333333332
0.8125
0.8125
0.7777777777777778
0.7894736842105263
1.15
1.1904761904761905
0.8636363636363636
1.173913043478261
1.0416666666666667
1.0
1.4230769230769231
0.925925925925926
1.7586206896551724
1.4827586206896552
1.0689655172413792
2.129032258064516
1.032258064516129
1.0909090909090908
1.1470588235294117
0.8285714285714286
1.0857142857142856
1.1388888888888888
1.3421052631578947
0.0
0.0
1.0
0.3333333333333333
1.4
0.8333333333333334
1.5714285714285714
0.7142857142857143
1.25
1.2222222222222223
2.7
1.2727272727272727
1.6666666666666667
1.7692307692307692
1.2857142857142858
1.2
0.9411764705882352
1.1111111111111112
1.7
1.35
1.4285714285714286
1.181818181818182
1.5416666666666667
0.92
1.2
1.4230769230769231
1.4814814814814814
1.6428571428571428
1.5357142857142858
1.5333333333333334
0.3225806451612903
1.625
0.8484848484848485
1.588235294117647
0.8285714285714286
1.3055555555555556
1.5405405405405406
1.5789473684210529
0.0
0.0
0.3333333333333333
0.25
0.4
0.8333333333333334
1.1428571428571428
1.25
1.3333333333333333
0.5
1.3636363636363635
1.0909090909090908
0.9230769230769232
1.0666666666666669
0.5625
1.0
1.4444444444444444
1.6111111111111112
1.0
1.1
1.0
1.2727272727272727
1.25
0.625
2.04
1.24
1.3846153846153846
1.2142857142857142
1.6206896551724137
1.2758620689655171
2.419354838709677
1.25
1.2647058823529411
1.0
1.2571428571428571
1.135135135135135
1.5135135135135136
1.3421052631578947
0.0
1.3333333333333333
1.5
1.6
2.0
1.2857142857142858
1.0
1.6666666666666667
1.6666666666666667
0.6363636363636364
1.9090909090909087
2.076923076923077
0.8571428571428571
1.6428571428571428
1.6428571428571428
1.625
0.5294117647058824
1.4444444444444444
1.7894736842105263
0.35
1.4285714285714286
0.9090909090909092
1.565217391304348
1.6956521739130437
1.52
2.3076923076923075
1.4444444444444444
1.0
1.5
1.3333333333333333
1.4838709677419355
0.96875
1.5151515151515151
1.8529411764705883
1.457142857142857
1.5833333333333333
1.4864864864864864
0.8421052631578947
0.0
1.5
1.0
1.3333333333333333
1.0
0.6666666666666666
1.1666666666666667
0.875
1.25
1.7
0.9090909090909092
1.0833333333333333
1.0
0.8571428571428571
1.2666666666666666
0.8125
1.1176470588235294
0.7647058823529411
1.105263157894737
0.8421052631578947
0.8571428571428571
0.9565217391304348
0.875
0.9583333333333334
2.269230769230769
1.0740740740740742
0.9642857142857144
1.2142857142857142
1.6428571428571428
1.0344827586206895
1.0
2.09375
1.0909090909090908
1.0
1.2571428571428571
1.0571428571428572
2.081081081081081
1.0526315789473684
0.0
1.0
0.0
0.25
1.0
0.6666666666666666
1.875
1.1111111111111112
2.333333333333333
2.0
0.9090909090909092
0.8461538461538461
1.1538461538461535
1.1428571428571428
1.1333333333333333
1.0
1.3125
1.1176470588235294
1.0
1.0
1.75
1.0
0.9545454545454546
0.8695652173913043
1.2083333333333333
1.12
1.148148148148148
1.6071428571428572
1.6896551724137931
1.1333333333333333
1.1290322580645162
0.75
0.6666666666666666
1.2424242424242424
1.2352941176470589
0.9444444444444444
1.1891891891891893
1.6842105263157894
0.0
0.5
1.0
1.0
0.8
1.1666666666666667
1.0
1.0
0.6666666666666666
0.9
0.8181818181818182
1.4166666666666667
1.2307692307692308
1.0714285714285714
1.8666666666666667
1.125
1.3529411764705883
1.2352941176470589
1.1666666666666667
1.1578947368421053
1.35
1.1904761904761905
1.5909090909090908
1.2173913043478262
1.1666666666666667
0.8846153846153846
1.1923076923076923
1.0740740740740742
1.103448275862069
1.103448275862069
1.933333333333333
1.064516129032258
1.3333333333333333
1.0294117647058822
1.0294117647058822
0.8888888888888888
1.054054054054054
1.0526315789473684
0.0
0.5
0.0
0.25
0.2
1.5
0.5714285714285714
1.0
0.5555555555555556
1.2
0.5454545454545454
0.4166666666666667
0.9230769230769232
0.5
0.7333333333333333
0.6666666666666666
0.625
1.6666666666666667
2.3684210526315788
0.7
0.6666666666666666
1.1363636363636365
0.782608695652174
1.5416666666666667
0.72
2.3076923076923075
0.8076923076923077
0.7857142857142857
0.8620689655172413
0.8666666666666667
0.9032258064516128
1.125
0.8484848484848485
1.1470588235294117
0.8235294117647058
1.7222222222222223
0.8378378378378378
1.605263157894737
