0
3
3
6
6
6
11
11
10
11
5
13
1
13
10
7
7
7
7
9
12
10
10
5
4
6
6
11
6
12
5
10
5
7
10
15
12
10
0
3
0
3
6
10
8
11
5
11
5
8
7
6
3
11
10
10
8
4
5
11
11
11
10
9
5
13
6
13
4
15
4
2
13
15
15
7
0
3
0
7
3
8
6
13
4
13
7
9
12
7
9
6
12
9
7
7
2
11
11
4
13
5
13
11
15
11
8
10
13
8
9
7
5
8
0
3
1
9
7
13
3
11
13
11
11
8
13
6
11
9
11
2
9
11
6
11
3
13
4
15
6
15
2
5
8
13
9
9
5
9
7
5
0
1
1
9
12
9
13
8
6
13
2
10
8
5
6
5
13
8
4
10
13
7
13
8
13
7
7
9
3
10
3
13
13
9
13
5
10
13
0
3
1
6
3
7
5
7
7
8
5
10
9
13
9
12
6
3
6
13
3
11
4
5
7
7
4
4
10
6
4
12
12
2
12
8
8
4
0
1
3
5
2
10
3
15
6
10
7
1
5
4
8
5
5
6
7
11
11
4
10
13
10
3
13
13
10
9
6
4
6
11
7
2
9
11
0
4
6
5
13
1
15
4
5
13
15
11
0
11
11
11
13
8
10
8
10
5
11
1
13
9
13
8
11
7
7
4
12
6
4
7
5
10
0
3
4
3
9
7
9
7
10
4
8
13
7
7
4
8
9
9
7
5
6
9
11
10
11
5
7
7
5
9
4
13
15
5
13
13
10
9
0
0
6
6
3
9
7
4
13
7
13
10
12
10
9
7
8
13
13
7
11
5
13
10
8
11
3
7
3
9
6
15
7
13
10
9
5
5
0
3
4
5
10
7
10
3
7
6
7
9
12
5
9
3
12
3
9
10
12
8
6
6
13
6
6
4
9
1
9
9
7
7
13
8
8
4
0
0
1
1
4
3
6
5
7
9
8
12
6
13
6
13
10
4
2
10
7
9
4
7
4
8
10
8
15
5
15
8
12
10
8
9
4
6
0
1
2
0
8
10
8
10
1
7
8
9
7
8
6
12
8
8
6
12
12
7
4
9
2
7
5
13
12
3
12
5
13
12
10
13
4
11
0
0
6
6
7
12
15
6
13
10
13
11
12
6
9
10
12
8
8
4
10
6
15
7
13
7
10
8
7
7
2
13
5
6
5
0
7
12
0
3
4
6
6
7
7
5
6
2
8
8
7
10
9
10
9
9
10
10
8
10
2
12
4
12
6
12
3
15
15
15
13
13
10
8
8
11
0
0
6
4
2
10
10
10
12
8
12
11
13
10
9
8
7
10
11
7
12
10
7
9
6
13
8
5
7
7
4
7
5
4
11
7
9
1
0
0
1
2
7
10
13
1
1
13
9
11
7
9
10
11
10
7
5
9
7
9
3
10
7
9
3
9
2
7
10
7
9
8
12
12
4
7
0
3
3
0
6
8
7
10
10
4
12
12
9
6
12
9
10
1
11
6
9
13
9
8
8
4
7
10
6
10
3
2
9
5
9
8
9
6
