0.0
0.5
2.0
0.75
0.75
-0.4
0.5714285714285714
1.625
0.5
0.6
-0.2
1.0
-1.0
0.9285714285714286
0.7333333333333333
-0.3333333333333333
0.125
0.8888888888888888
0.8421052631578947
0.3157894736842105
0.05
0.8095238095238095
0.5
0.6956521739130435
-1.0416666666666667
0.64
0.1923076923076923
0.7142857142857143
0.1071428571428571
0.6
-0.1666666666666666
0.625
-0.125
-0.2941176470588235
0.6857142857142857
0.4166666666666667
0.7027027027027027
0.6842105263157895
0.0
1.0
-2.5
1.0
1.75
1.4
1.2857142857142858
1.375
-0.2222222222222222
1.3
-0.2727272727272727
0.9166666666666666
0.7692307692307693
0.9285714285714286
0.25
0.9411764705882352
0.4705882352941176
0.7777777777777778
0.6111111111111112
-0.4736842105263157
0.3636363636363636
0.7391304347826086
0.7391304347826086
0.7916666666666666
-0.32
0.7692307692307693
0.037037037037037
0.8571428571428571
-0.7857142857142857
0.9
-0.4375
1.0303030303030305
-0.1212121212121212
-0.5
-0.1666666666666666
1.108108108108108
1.108108108108108
-0.2894736842105263
0.0
1.0
-1.0
1.25
-0.75
1.0
-0.5
1.25
-0.7777777777777778
1.4444444444444444
0.1
1.0833333333333333
0.25
0.0769230769230769
1.2
-0.1333333333333333
1.1176470588235294
0.9444444444444444
0.3333333333333333
0.95
0.4285714285714285
0.9047619047619048
0.9130434782608696
-0.7916666666666666
1.08
-0.24
1.037037037037037
1.0
0.1724137931034483
1.1333333333333333
0.1290322580645161
1.03125
0.8484848484848485
0.9705882352941176
0.9722222222222222
-0.054054054054054
0.027027027027027
1.0263157894736843
0.0
0.5
-0.3333333333333333
1.75
1.25
1.3333333333333333
-0.3333333333333333
1.125
1.375
1.1
1.0
-0.3333333333333333
1.1538461538461535
0.4285714285714285
1.2
-0.0625
1.1176470588235294
-1.2941176470588236
1.1578947368421053
1.15
-0.15
1.181818181818182
-0.0869565217391304
1.2083333333333333
0.0833333333333333
1.2692307692307692
0.1538461538461538
1.25
-0.4137931034482758
0.8666666666666667
0.3548387096774194
1.25
-0.8787878787878788
1.2857142857142858
-0.0571428571428571
1.25
1.2162162162162162
-0.4210526315789473
0.0
0.0
-0.3333333333333333
2.0
2.2
0.6
2.0
-0.4285714285714285
0.125
2.1
-0.6
1.5833333333333333
1.4615384615384617
-0.8461538461538461
1.3333333333333333
-0.2
1.4705882352941178
1.2222222222222223
-0.5263157894736842
1.25
1.238095238095238
0.1818181818181818
1.2173913043478262
-0.2083333333333333
0.92
1.0
-0.4074074074074074
1.1428571428571428
-0.3571428571428571
1.103448275862069
-0.9666666666666668
1.21875
1.2121212121212122
0.1142857142857142
1.1944444444444444
0.3243243243243243
0.1891891891891892
1.368421052631579
0.0
1.0
-0.3333333333333333
0.6
-0.8333333333333334
0.7142857142857143
-0.5
0.5555555555555556
0.3333333333333333
0.5454545454545454
-0.7272727272727273
0.6923076923076923
0.0
0.8571428571428571
0.5625
1.6470588235294117
0.4117647058823529
-0.7222222222222222
0.631578947368421
1.0952380952380951
-0.238095238095238
0.8636363636363636
-0.0869565217391304
0.7083333333333334
0.28
0.7307692307692307
0.6666666666666666
0.6666666666666666
0.5517241379310345
-0.1724137931034483
-0.2258064516129032
0.8484848484848485
0.8484848484848485
-0.6176470588235294
0.4571428571428571
0.8918918918918919
0.8918918918918919
-0.131578947368421
0.0
-0.3333333333333333
0.0
0.0
-0.6
0.5714285714285714
-0.4285714285714285
1.2222222222222223
0.5555555555555556
0.9090909090909092
0.1666666666666666
-0.5833333333333334
0.7857142857142857
0.6666666666666666
-0.2
0.7647058823529411
0.7647058823529411
0.4117647058823529
-0.3333333333333333
0.9
0.9047619047619048
-0.8636363636363636
0.8181818181818182
1.5
0.9615384615384616
-0.5925925925925926
0.25
0.9655172413793104
0.9
0.7741935483870968
-0.8125
0.696969696969697
0.0
-0.2647058823529412
0.7428571428571429
-0.5277777777777778
1.0810810810810811
0.7368421052631579
0.0
0.3333333333333333
1.0
0.2
1.0
-2.0
1.5
-0.5
-0.4444444444444444
1.3636363636363635
1.0909090909090908
1.3076923076923077
-0.6923076923076923
1.3571428571428572
1.3333333333333333
1.25
0.8823529411764706
-0.0588235294117647
1.105263157894737
1.05
0.4
-0.4285714285714285
1.1304347826086956
-0.5
1.28
0.0384615384615384
1.3076923076923077
0.5185185185185185
1.2413793103448276
-0.5862068965517241
1.1612903225806452
1.09375
0.9696969696969696
1.0588235294117647
-0.7428571428571429
1.0277777777777777
0.5675675675675675
1.105263157894737
0.0
0.5
0.3333333333333333
0.0
1.4
-0.6
1.1428571428571428
-0.5714285714285714
1.1111111111111112
-0.5
1.0909090909090908
1.0
0.4166666666666667
0.7142857142857143
0.4666666666666667
-0.1333333333333333
0.5294117647058824
0.8333333333333334
0.5
-0.4210526315789473
-0.25
0.5
0.5652173913043478
-0.0869565217391304
0.52
-0.32
0.0769230769230769
0.4814814814814814
-0.4642857142857143
0.6333333333333333
0.2666666666666666
0.71875
0.7878787878787878
-0.6470588235294118
0.8
1.0555555555555556
0.7567567567567568
-0.3684210526315789
0.0
-0.5
2.6666666666666665
1.75
-1.0
1.5
-0.875
-0.25
1.6
0.8
1.8333333333333333
1.6153846153846154
1.7857142857142858
-0.1428571428571428
1.3125
1.2352941176470589
-1.0
0.7894736842105263
1.5
-0.3
1.4285714285714286
-0.6666666666666666
1.4545454545454546
1.3043478260869563
1.28
0.64
-0.3846153846153846
1.148148148148148
-1.0357142857142858
1.206896551724138
-0.4
1.2258064516129032
-0.6875
1.2058823529411764
1.1428571428571428
0.7714285714285715
1.054054054054054
-0.0789473684210526
0.0
2.0
2.0
0.5
2.0
-0.6666666666666666
1.2857142857142858
-0.375
0.8888888888888888
-1.0
0.4545454545454545
0.9166666666666666
1.0
0.0714285714285714
0.8666666666666667
-0.1875
0.9411764705882352
1.0555555555555556
0.8947368421052632
0.85
0.7619047619047619
0.9090909090909092
-0.6521739130434783
-0.0833333333333333
1.08
-0.6538461538461539
-0.074074074074074
0.0
1.0
-0.4
1.0
0.2121212121212121
0.9696969696969696
0.9411764705882352
1.1142857142857143
0.8888888888888888
-0.3513513513513513
0.7631578947368421
0.0
0.0
-0.6666666666666666
-1.3333333333333333
-1.4
-0.8
-0.7142857142857143
0.125
-0.2222222222222222
-0.5555555555555556
-0.2
0.1666666666666666
-0.0833333333333333
0.2142857142857142
-0.1428571428571428
0.5
0.4117647058823529
-0.7222222222222222
-0.7368421052631579
0.45
0.3809523809523809
1.4545454545454546
0.2608695652173913
-0.5833333333333334
0.48
0.9230769230769232
0.5925925925925926
0.0
0.6206896551724138
-0.1379310344827586
0.7096774193548387
1.5625
0.6666666666666666
-0.7647058823529411
0.5294117647058824
0.6857142857142857
-0.4324324324324324
0.631578947368421
0.0
0.0
0.0
-1.0
1.4
1.2
0.8571428571428571
1.0
-1.25
0.8
0.5
0.2727272727272727
0.5833333333333334
0.7142857142857143
0.1428571428571428
0.4
0.5882352941176471
0.7222222222222222
-0.3157894736842105
0.9
1.0
0.6521739130434783
-0.1304347826086956
0.5
-0.2
0.7692307692307693
-0.925925925925926
0.7857142857142857
0.7666666666666667
-0.7
0.8387096774193549
-0.59375
0.4242424242424242
0.8787878787878788
1.2285714285714286
0.8571428571428571
-0.6216216216216216
0.8947368421052632
0.0
-1.0
0.6666666666666666
0.25
0.2
0.8333333333333334
0.8571428571428571
-0.5
1.0
0.9
1.181818181818182
0.8333333333333334
1.0769230769230769
-0.2857142857142857
0.6
1.1875
0.8235294117647058
0.8888888888888888
0.9473684210526316
-0.75
1.0
-1.0909090909090908
1.0434782608695652
-0.6666666666666666
1.04
0.3846153846153846
-0.5
0.8928571428571429
0.8333333333333334
0.8333333333333334
-0.1935483870967742
1.6774193548387095
0.5757575757575758
-0.2058823529411764
0.5142857142857142
-0.4166666666666667
-0.3513513513513513
0.6578947368421053
0.0
0.5
0.3333333333333333
0.75
0.2
0.1666666666666666
0.5714285714285714
0.0
0.2222222222222222
-1.1
0.6363636363636364
0.25
0.3846153846153846
1.0714285714285714
0.4666666666666667
-0.0625
0.5294117647058824
-0.6666666666666666
0.5263157894736842
0.55
-0.0952380952380952
0.5454545454545454
-0.6086956521739131
0.7916666666666666
-0.68
0.7307692307692307
-0.1481481481481481
0.7857142857142857
0.2142857142857142
0.8666666666666667
0.4333333333333333
0.9375
1.1470588235294117
0.9428571428571428
-0.0277777777777777
0.8648648648648649
-0.5405405405405406
-0.2631578947368421
0.0
-1.0
0.6666666666666666
-0.25
-0.4
0.3333333333333333
0.0
0.875
0.6666666666666666
0.1
0.9090909090909092
0.8333333333333334
1.0
0.8571428571428571
-0.6666666666666666
0.875
0.8823529411764706
0.9444444444444444
-0.5263157894736842
-0.75
0.7619047619047619
0.7272727272727273
-0.1304347826086956
0.3333333333333333
0.6
0.7692307692307693
0.6666666666666666
-0.3928571428571428
0.5517241379310345
0.5333333333333333
-0.064516129032258
0.6875
-0.2058823529411764
-0.2647058823529412
0.6857142857142857
-0.7142857142857143
0.6756756756756757
-1.1842105263157894
0.0
-0.5
-0.3333333333333333
-0.5
0.4
0.6666666666666666
1.1428571428571428
-0.75
-0.4444444444444444
1.0
0.8181818181818182
1.0833333333333333
-0.1538461538461538
1.0714285714285714
-0.2
1.3125
1.1764705882352942
0.1111111111111111
-0.2105263157894736
1.1
1.0476190476190477
-0.3636363636363636
-0.5652173913043478
1.0833333333333333
-1.0
1.0
0.7857142857142857
0.8
-0.4
0.71875
0.7272727272727273
-0.3823529411764705
0.6857142857142857
0.6666666666666666
0.7222222222222222
0.7837837837837838
-0.918918918918919
0.5263157894736842
0.0
0.5
0.0
-1.0
-0.2
0.0
-0.2857142857142857
0.375
0.2222222222222222
-0.4
0.5454545454545454
1.0833333333333333
0.4615384615384615
-0.7142857142857143
1.6
0.625
0.5882352941176471
-0.5555555555555556
0.9473684210526316
0.55
0.5714285714285714
1.1363636363636365
0.5217391304347826
-0.5
0.56
-0.4615384615384615
0.5925925925925926
2.107142857142857
0.4137931034482758
-0.2666666666666666
-0.90625
-0.5757575757575758
0.5
-0.6
0.5277777777777778
0.081081081081081
0.6486486486486487
0.5789473684210527
