0.0
-1.5
-1.5
-0.5
-0.5
0.2
-0.5714285714285714
-0.375
0.0
-1.0
0.7
-1.1666666666666667
1.5833333333333333
-0.9285714285714286
-0.4
0.7333333333333333
0.3125
-0.5555555555555556
-0.2631578947368421
0.1578947368421052
0.15
-0.6190476190476191
0.4090909090909091
-0.1739130434782608
1.0
-0.8
0.1538461538461538
0.4642857142857143
0.5357142857142857
-0.5
0.5666666666666667
-0.9375
0.8125
0.6470588235294118
-0.7142857142857143
0.1111111111111111
-0.5945945945945946
-0.5526315789473685
0.0
0.0
1.5
0.3333333333333333
-0.5
-0.6
-0.8571428571428571
-1.0
0.8888888888888888
-0.6
0.8181818181818182
-0.1666666666666666
-0.0769230769230769
-1.0714285714285714
0.3125
-0.6470588235294118
0.0
0.1666666666666666
0.1666666666666666
0.7368421052631579
0.0909090909090909
0.0
-1.0434782608695652
-0.7916666666666666
0.72
-0.7692307692307693
0.5925925925925926
0.0357142857142857
1.0357142857142858
-0.6333333333333333
0.96875
-0.8484848484848485
0.8181818181818182
1.25
0.7777777777777778
-1.108108108108108
-0.1351351351351351
1.0789473684210529
0.0
-1.5
1.3333333333333333
-0.5
1.0
-0.4
0.8333333333333334
-0.625
1.3333333333333333
-1.0
1.1
-0.6666666666666666
0.3333333333333333
0.4615384615384615
-1.0
1.0666666666666669
-0.3529411764705882
-0.4444444444444444
0.5555555555555556
-1.15
0.4285714285714285
0.1904761904761904
-0.9130434782608696
1.3333333333333333
-0.56
1.0
-0.2592592592592592
-0.6785714285714286
0.5172413793103449
-0.6666666666666666
0.4193548387096774
-0.9375
0.0
-0.6470588235294118
-0.9166666666666666
0.8378378378378378
0.6216216216216216
-1.4736842105263157
0.0
-1.5
1.6666666666666667
-0.5
0.5
-0.1666666666666666
1.6666666666666667
-0.75
-0.25
-0.9
-1.4545454545454546
1.25
-0.7692307692307693
0.8571428571428571
-1.2666666666666666
1.125
-1.0
1.588235294117647
-0.8421052631578947
-1.1
1.05
-1.0
1.2608695652173914
-1.4583333333333333
1.0416666666666667
-0.2307692307692307
0.9230769230769232
-1.3928571428571428
1.2413793103448276
0.4
0.9032258064516128
-0.90625
1.4242424242424243
-1.2571428571428571
1.0
-1.1666666666666667
-0.945945945945946
1.4210526315789471
0.0
1.0
1.6666666666666667
-1.75
-1.6
0.6
-1.2857142857142858
1.1428571428571428
1.125
-1.1
2.0
-1.25
-1.0769230769230769
1.3846153846153846
-0.5333333333333333
1.2
-0.2941176470588235
-0.6666666666666666
1.0526315789473684
-0.95
-0.6190476190476191
0.9090909090909092
-0.9130434782608696
0.7916666666666666
0.04
-0.7307692307692307
1.1851851851851851
-1.3214285714285714
0.9642857142857144
-0.9310344827586208
1.3666666666666667
-0.6875
0.3333333333333333
0.7428571428571429
-1.3055555555555556
0.6756756756756757
0.5135135135135135
-1.0789473684210529
0.0
0.0
0.6666666666666666
-0.4
1.0
0.1428571428571428
0.875
-0.8888888888888888
-0.1111111111111111
0.1818181818181818
1.0909090909090908
0.1538461538461538
0.4615384615384615
-0.2142857142857142
-0.4375
-1.0
-0.2352941176470588
0.8888888888888888
-0.631578947368421
-0.4761904761904761
0.5714285714285714
-0.6363636363636364
0.3478260869565217
-0.7083333333333334
0.04
0.2692307692307692
-0.037037037037037
-0.3333333333333333
-0.3793103448275862
0.2758620689655172
0.5161290322580645
0.5757575757575758
-0.7575757575757576
0.7647058823529411
-0.1142857142857142
-1.3243243243243243
-0.4864864864864865
0.3421052631578947
0.0
0.0
-0.6666666666666666
1.4
0.6
-1.1428571428571428
1.1428571428571428
-0.4444444444444444
0.4444444444444444
-0.9090909090909092
0.3333333333333333
1.0833333333333333
-0.0714285714285714
-0.3333333333333333
0.2
0.5882352941176471
-0.2352941176470588
0.0588235294117647
0.5555555555555556
-1.1
-0.7619047619047619
0.9090909090909092
-0.3636363636363636
-0.625
-0.5769230769230769
0.8888888888888888
0.3214285714285714
-0.7586206896551724
-0.4
-0.032258064516129
0.90625
-0.4848484848484848
0.0909090909090909
0.5294117647058824
-0.3428571428571428
0.75
-0.4054054054054054
-0.3684210526315789
0.0
0.0
-0.6666666666666666
1.0
-1.5
2.0
-1.125
1.375
1.8888888888888888
-0.5454545454545454
0.2727272727272727
-1.3076923076923077
1.6923076923076923
-0.6428571428571429
-1.2
-1.625
0.1764705882352941
1.2941176470588236
-0.6842105263157895
-0.55
0.75
1.3333333333333333
-1.565217391304348
1.125
-0.64
0.8076923076923077
-1.5
0.7037037037037037
-1.3103448275862069
1.2413793103448276
-0.064516129032258
-1.28125
0.2424242424242424
0.1764705882352941
1.1142857142857143
-1.75
0.4054054054054054
-1.0789473684210529
0.0
-1.5
-0.3333333333333333
0.3333333333333333
-1.0
0.4
-0.7142857142857143
0.7142857142857143
-0.4444444444444444
1.4
-0.9090909090909092
-0.0909090909090909
0.0
-0.6428571428571429
0.6666666666666666
0.4666666666666667
-0.5882352941176471
-0.4444444444444444
0.0555555555555555
0.4210526315789473
0.45
-0.5
-0.217391304347826
0.5217391304347826
-0.76
0.64
0.4230769230769231
-0.8518518518518519
0.6785714285714286
-0.7666666666666667
0.5666666666666667
-0.53125
0.2727272727272727
0.9117647058823528
-0.7714285714285715
-0.1666666666666666
0.4864864864864865
0.631578947368421
0.0
1.5
-1.0
0.75
0.6
-0.5
1.0
1.0
-1.3
0.0
-1.25
-0.6153846153846154
-0.5714285714285714
0.4285714285714285
-0.4375
-0.8235294117647058
0.9411764705882352
0.1578947368421052
-1.35
0.95
-1.1428571428571428
1.1428571428571428
-0.4090909090909091
0.0434782608695652
0.24
0.32
0.8846153846153846
-0.6666666666666666
1.1428571428571428
-1.1724137931034482
1.1333333333333333
-0.6451612903225806
1.125
-0.2941176470588235
-1.1142857142857143
0.2571428571428571
-0.7567567567567568
0.6842105263157895
0.0
-1.0
-0.3333333333333333
0.5
-1.0
0.6666666666666666
0.5714285714285714
0.5
0.3333333333333333
1.1
0.5454545454545454
-0.9166666666666666
-0.6153846153846154
0.5
-0.6
0.875
0.1176470588235294
0.0555555555555555
-0.8421052631578947
-0.85
0.0476190476190476
-0.9090909090909092
0.9130434782608696
0.7916666666666666
-0.76
1.0
0.7407407407407407
0.6785714285714286
-0.8666666666666667
0.8666666666666667
-0.90625
0.4545454545454545
-0.2727272727272727
-0.5294117647058824
-0.2571428571428571
-0.6666666666666666
0.6756756756756757
-0.5
0.0
0.0
1.6666666666666667
0.0
-0.6
0.2
0.7142857142857143
0.125
-0.2222222222222222
1.0
0.2
-0.5
0.75
-1.0
0.5
0.5625
-0.5882352941176471
0.9444444444444444
0.8421052631578947
-0.8
-0.6190476190476191
-0.5454545454545454
-0.7391304347826086
0.7916666666666666
-0.28
-0.3846153846153846
-0.2592592592592592
0.1785714285714285
-0.5172413793103449
0.6551724137931034
-1.064516129032258
-0.40625
-1.181818181818182
0.9705882352941176
0.2058823529411764
-0.6285714285714286
0.6216216216216216
-0.5263157894736842
0.0
0.0
-0.3333333333333333
0.6666666666666666
0.0
-0.4
0.2857142857142857
-1.125
1.25
0.6
0.1
-0.1818181818181818
-0.5833333333333334
0.0714285714285714
0.2142857142857142
-0.3333333333333333
-0.8823529411764706
-0.6666666666666666
0.5263157894736842
-0.8
-0.5
0.3478260869565217
0.3043478260869565
0.125
0.32
-0.4615384615384615
0.7407407407407407
0.1428571428571428
-0.3333333333333333
0.9
-0.2903225806451613
0.6875
0.1212121212121212
-0.5757575757575758
-0.6
-1.1142857142857143
0.8648648648648649
-0.7631578947368421
0.0
1.5
-1.0
-1.25
0.4
-0.8333333333333334
-1.0
1.125
-1.7777777777777777
0.2
-0.7272727272727273
0.25
-1.1538461538461535
1.0
0.4666666666666667
-0.375
0.1176470588235294
-1.2222222222222223
-0.3157894736842105
1.2
-1.0476190476190477
1.318181818181818
-0.8695652173913043
1.2083333333333333
-0.32
0.5384615384615384
1.1923076923076923
-1.1428571428571428
-0.3
0.1333333333333333
1.064516129032258
-0.1612903225806451
-0.0303030303030303
0.7941176470588235
-0.8857142857142857
0.6666666666666666
1.0
-1.131578947368421
0.0
-1.0
-1.0
-0.25
0.8
0.3333333333333333
0.8571428571428571
0.125
-0.3333333333333333
1.0
-0.1818181818181818
0.0833333333333333
-0.3076923076923077
-0.4285714285714285
-0.5333333333333333
0.0
-0.2941176470588235
0.5555555555555556
0.0526315789473684
0.0
0.3333333333333333
0.5
0.7391304347826086
-0.0833333333333333
1.0
-0.6923076923076923
0.7407407407407407
-1.0357142857142858
0.4285714285714285
-0.7333333333333333
0.1
-1.15625
-0.2941176470588235
-1.0285714285714285
0.4722222222222222
-0.081081081081081
0.918918918918919
0.7368421052631579
0.0
1.5
-1.0
-0.5
1.0
-1.0
0.2857142857142857
-0.375
-0.6666666666666666
0.6
-0.8181818181818182
0.4166666666666667
-0.9230769230769232
-1.0
1.0
-1.5
0.0588235294117647
-0.8333333333333334
0.8421052631578947
1.1
-0.5714285714285714
-0.5
0.8260869565217391
0.4583333333333333
-0.68
-0.1923076923076923
-0.3703703703703703
0.8571428571428571
0.1034482758620689
-0.4666666666666667
0.5806451612903226
-0.21875
0.6470588235294118
0.5882352941176471
-0.9142857142857144
0.9142857142857144
-0.081081081081081
1.3421052631578947
0.0
0.0
0.0
0.5
0.0
0.0
-0.8571428571428571
1.5
1.4444444444444444
-1.8
0.2727272727272727
-0.5
0.7692307692307693
-1.1428571428571428
0.8
-0.875
-0.0588235294117647
0.6111111111111112
1.105263157894737
-0.8
-1.238095238095238
0.8181818181818182
1.0
0.375
1.08
-0.0384615384615384
-0.3571428571428571
-0.1333333333333333
0.7
-0.71875
-1.0909090909090908
0.6764705882352942
0.4
0.0277777777777777
-0.6666666666666666
-0.7567567567567568
1.2162162162162162
0.2894736842105263
0.0
-1.5
0.3333333333333333
0.75
0.6
-0.1666666666666666
0.4285714285714285
-0.125
-0.5555555555555556
0.8
0.8181818181818182
-0.3333333333333333
0.0
0.7142857142857143
-0.2666666666666666
-0.6875
-0.9411764705882352
0.8333333333333334
-0.0526315789473684
-0.8
-1.0476190476190477
-0.3181818181818182
-0.782608695652174
0.5833333333333334
-0.88
0.4230769230769231
0.1481481481481481
-0.9642857142857144
-0.4827586206896552
0.3
0.75
0.7878787878787878
-0.3823529411764705
0.6285714285714286
0.5555555555555556
0.1621621621621621
-0.4324324324324324
-0.6052631578947368
