0.0
-0.5
-0.5
0.0
0.25
0.6
-0.2857142857142857
0.5
0.5
-0.1
0.6
-0.1666666666666666
1.0
-0.3571428571428571
0.1333333333333333
0.7333333333333333
0.625
-0.0555555555555555
0.4736842105263157
0.8421052631578947
0.6
-0.4285714285714285
0.7727272727272727
-0.0434782608695652
0.6666666666666666
-0.8
0.6923076923076923
1.5
0.7142857142857143
0.0333333333333333
0.6
-0.5625
0.625
0.6176470588235294
-0.5714285714285714
0.6944444444444444
-0.2432432432432432
-0.2368421052631578
0.0
2.0
2.0
0.6666666666666666
0.25
1.4
-0.7142857142857143
-0.875
1.4444444444444444
-0.1
1.181818181818182
0.25
0.8461538461538461
-0.5714285714285714
1.0
-0.5882352941176471
0.9411764705882352
0.5
0.7777777777777778
0.7894736842105263
0.7727272727272727
0.6086956521739131
-1.0
0.0416666666666666
0.8
-0.2307692307692307
0.7777777777777778
0.6785714285714286
0.8571428571428571
0.0
0.96875
-0.0909090909090909
1.0303030303030305
1.0833333333333333
1.0833333333333333
-0.4054054054054054
1.162162162162162
1.105263157894737
0.0
-2.0
0.6666666666666666
0.25
1.25
0.2
1.0
0.625
1.4444444444444444
0.0
1.5
0.1666666666666666
1.0833333333333333
1.0769230769230769
-0.0666666666666666
1.2
0.4705882352941176
0.0
0.9444444444444444
-0.7
0.9523809523809524
0.9523809523809524
-0.3478260869565217
1.0416666666666667
0.36
1.08
0.3703703703703703
0.0
1.103448275862069
0.1
1.032258064516129
-0.125
1.0
0.2058823529411764
-0.3055555555555556
0.918918918918919
0.918918918918919
-1.0526315789473684
0.0
-0.5
1.6666666666666667
1.0
1.75
1.1666666666666667
1.3333333333333333
0.5
1.125
0.1
-1.0909090909090908
1.1666666666666667
0.2307692307692307
1.2857142857142858
0.0
1.125
-0.3529411764705882
1.1176470588235294
0.2105263157894736
-0.1
1.15
-0.1818181818181818
1.2173913043478262
-1.0
1.2083333333333333
1.0384615384615383
1.2692307692307692
-0.1785714285714285
1.2758620689655171
1.2666666666666666
1.2258064516129032
0.375
1.2121212121212122
-0.3428571428571428
1.2857142857142858
-0.25
0.1351351351351351
1.2105263157894737
0.0
1.5
1.6666666666666667
-0.25
-0.2
2.2
0.2857142857142857
2.0
1.875
0.2
2.1
-0.25
-0.2307692307692307
1.4615384615384617
0.4666666666666667
1.3333333333333333
1.2941176470588236
-0.0555555555555555
1.2105263157894737
-0.3
-0.238095238095238
1.2727272727272727
-0.0869565217391304
1.125
1.12
-0.0769230769230769
1.037037037037037
-0.5357142857142857
1.1428571428571428
-0.3793103448275862
1.1666666666666667
0.09375
1.5151515151515151
1.1714285714285717
-0.6944444444444444
1.2162162162162162
1.2162162162162162
-0.1842105263157894
0.0
0.5
0.3333333333333333
-0.4
0.8333333333333334
0.8571428571428571
0.75
-0.8888888888888888
0.5555555555555556
0.5454545454545454
0.5454545454545454
0.5384615384615384
0.6923076923076923
0.1428571428571428
-0.125
0.4117647058823529
-0.2941176470588235
0.4444444444444444
-0.3157894736842105
0.5714285714285714
0.5714285714285714
-0.7727272727272727
0.782608695652174
-0.4583333333333333
0.76
0.5384615384615384
0.074074074074074
-0.037037037037037
0.7241379310344828
0.7241379310344828
0.8064516129032258
1.0303030303030305
-0.7575757575757576
0.8235294117647058
0.8571428571428571
-1.162162162162162
-0.027027027027027
0.9210526315789472
0.0
-1.0
-0.3333333333333333
1.8
0.0
-1.0
0.5714285714285714
0.1111111111111111
1.2222222222222223
-0.5454545454545454
1.0833333333333333
1.0833333333333333
0.0
-0.4
0.6666666666666666
1.0
-0.0588235294117647
0.7647058823529411
0.7777777777777778
-0.7
-0.5238095238095238
0.8181818181818182
-0.2272727272727272
1.0
0.0
0.9629629629629628
0.9642857142857144
-0.1724137931034483
0.3666666666666666
0.7741935483870968
0.71875
-0.1515151515151515
0.696969696969697
0.7058823529411765
-0.0285714285714285
0.7222222222222222
0.7567567567567568
0.0789473684210526
0.0
0.3333333333333333
0.3333333333333333
0.8
0.0
1.0
0.25
1.5
1.4444444444444444
1.0
1.3636363636363635
-0.8461538461538461
1.3076923076923077
0.5
-0.2666666666666666
-0.875
1.1176470588235294
1.1176470588235294
0.5263157894736842
0.8
1.05
1.1428571428571428
-0.6956521739130435
1.2083333333333333
0.24
1.3076923076923077
-0.5
1.3333333333333333
-0.5517241379310345
1.2413793103448276
1.0
-0.53125
1.0909090909090908
1.5588235294117647
1.0
-1.6388888888888888
1.108108108108108
-0.5789473684210527
0.0
-0.5
0.0
0.3333333333333333
0.0
1.4
-0.2857142857142857
1.1428571428571428
0.0
1.2
-0.6363636363636364
1.0909090909090908
0.9166666666666666
0.2857142857142857
1.8666666666666667
0.4666666666666667
-0.4117647058823529
0.5
0.5
0.4736842105263157
0.45
-0.5
0.1739130434782608
0.5652173913043478
-0.2
0.52
0.5
-0.925925925925926
0.4642857142857143
-0.3666666666666666
0.6333333333333333
-0.0625
1.1515151515151516
0.7647058823529411
-0.4285714285714285
0.8611111111111112
1.162162162162162
0.7368421052631579
0.0
2.5
0.0
1.0
1.0
-0.5
1.75
1.75
-0.4
1.6
-0.5833333333333334
0.0769230769230769
1.2857142857142858
1.2857142857142858
0.6875
-0.8235294117647058
1.2352941176470589
1.4210526315789471
-0.55
1.5
-0.6666666666666666
1.4285714285714286
0.5
1.4782608695652173
1.52
1.28
1.1538461538461535
-0.1111111111111111
1.1785714285714286
-1.137931034482759
1.2333333333333334
-0.0967741935483871
1.25
0.7941176470588235
-0.9714285714285714
1.1428571428571428
-0.4324324324324324
1.0
0.0
0.0
0.0
1.75
0.0
1.6666666666666667
2.7142857142857144
0.875
0.7777777777777778
1.1
1.0909090909090908
-0.5833333333333334
0.1538461538461538
1.0
-0.3333333333333333
0.9375
1.1764705882352942
0.8333333333333334
-0.7368421052631579
-0.3
0.9523809523809524
-0.5
1.0
1.0833333333333333
0.08
1.0384615384615383
1.0740740740740742
1.0714285714285714
-0.5
1.0
-0.5625
0.9696969696969696
0.2424242424242424
0.1176470588235294
0.8857142857142857
0.0
0.8108108108108109
0.1578947368421052
0.0
0.0
1.3333333333333333
-0.6666666666666666
-0.8
-1.4
0.1428571428571428
-0.75
-0.5555555555555556
1.2222222222222223
-0.3
-0.1666666666666666
0.1666666666666666
-0.8571428571428571
0.2142857142857142
2.125
-0.1764705882352941
0.4444444444444444
0.4210526315789473
-0.25
-0.1428571428571428
0.3181818181818182
-0.8260869565217391
0.25
0.36
0.5
0.1851851851851851
0.6071428571428571
-0.1034482758620689
0.6206896551724138
-0.6451612903225806
0.65625
-1.0909090909090908
0.7352941176470589
0.7352941176470589
-0.4571428571428571
0.6486486486486487
-0.1578947368421052
0.0
0.0
-1.0
0.0
0.6
1.4
0.2857142857142857
-1.5
1.0
1.1
0.8
0.6363636363636364
-0.5833333333333334
0.4285714285714285
0.7142857142857143
0.6666666666666666
-0.7058823529411765
-0.7777777777777778
0.7368421052631579
-0.55
0.7272727272727273
1.0434782608695652
0.6521739130434783
0.7916666666666666
0.76
-0.1923076923076923
0.7777777777777778
0.5357142857142857
0.1333333333333333
0.7666666666666667
0.064516129032258
0.84375
0.8787878787878788
-0.1212121212121212
0.8571428571428571
-0.7714285714285715
0.8378378378378378
-0.5789473684210527
0.0
0.5
0.0
-0.75
0.6
0.0
0.1428571428571428
0.75
-1.2222222222222223
1.1
0.3636363636363636
1.0
-0.4615384615384615
1.2142857142857142
1.2666666666666666
1.625
0.9411764705882352
-0.4444444444444444
0.3157894736842105
0.95
-0.2857142857142857
1.0
0.1739130434782608
1.0
1.16
0.8461538461538461
0.8461538461538461
-0.5357142857142857
0.0
1.1333333333333333
0.6129032258064516
0.6129032258064516
0.6363636363636364
0.4705882352941176
-0.2571428571428571
0.5833333333333334
0.6486486486486487
-0.8421052631578947
0.0
0.0
-0.6666666666666666
0.25
0.6
0.6666666666666666
1.7142857142857142
0.25
-0.7777777777777778
0.4
0.2727272727272727
0.5
-0.3076923076923077
0.4285714285714285
-0.2666666666666666
0.375
-0.1764705882352941
0.5
0.4210526315789473
0.85
0.4285714285714285
1.1363636363636365
0.6086956521739131
0.2083333333333333
0.72
-0.3076923076923077
0.7407407407407407
-0.6785714285714286
0.7857142857142857
-0.4666666666666667
0.8666666666666667
-0.71875
0.9117647058823528
-0.3714285714285714
0.8888888888888888
0.6756756756756757
0.8648648648648649
0.8421052631578947
0.0
1.0
-0.3333333333333333
-0.5
0.0
-0.8333333333333334
0.5714285714285714
0.375
-0.1111111111111111
0.9
0.0
1.0833333333333333
-0.4615384615384615
-0.5714285714285714
0.8
-0.9375
0.9411764705882352
0.0
0.6842105263157895
0.75
-0.0952380952380952
0.0909090909090909
0.6956521739130435
0.625
-0.4
0.6538461538461539
0.3333333333333333
0.6071428571428571
0.9310344827586208
0.3333333333333333
0.5806451612903226
0.375
0.6470588235294118
0.6470588235294118
-0.5142857142857142
0.6857142857142857
0.8108108108108109
0.6578947368421053
0.0
-0.5
-0.3333333333333333
0.25
0.4
0.8333333333333334
-0.4285714285714285
1.125
1.1111111111111112
-1.0
1.181818181818182
0.25
1.0
-0.7142857142857143
1.2666666666666666
0.0
0.8823529411764706
1.0555555555555556
1.0526315789473684
-0.25
-1.0476190476190477
1.181818181818182
1.173913043478261
1.3333333333333333
0.96
0.9230769230769232
0.0714285714285714
0.8333333333333334
0.8333333333333334
-0.25
-0.4848484848484848
0.6470588235294118
1.4
0.7222222222222222
-0.1944444444444444
-0.3513513513513513
0.7837837837837838
0.8157894736842105
0.0
-0.5
0.3333333333333333
-1.0
0.6
-0.1666666666666666
0.1428571428571428
-0.125
-0.8888888888888888
0.5
2.636363636363636
0.3333333333333333
0.2307692307692307
0.5
0.8
-0.1875
-1.0588235294117647
0.5555555555555556
0.5789473684210527
-0.65
-0.6190476190476191
0.5454545454545454
-0.5217391304347826
0.4583333333333333
-0.8
0.4615384615384615
1.0
0.5357142857142857
-0.3793103448275862
0.3666666666666666
0.53125
0.5454545454545454
-0.2058823529411764
0.5714285714285714
1.1111111111111112
0.6486486486486487
-0.1351351351351351
-0.7631578947368421
