0.0
0.0
0.0
1.0
1.0
1.4
1.0
1.5
1.5
0.8
1.8
0.8333333333333334
2.0
1.0714285714285714
1.4666666666666666
1.8666666666666667
1.75
1.3333333333333333
1.5789473684210529
1.8421052631578947
1.75
1.1904761904761905
1.7727272727272727
1.5217391304347827
1.6666666666666667
0.84
1.6923076923076923
2.25
1.7857142857142858
1.2666666666666666
1.7666666666666666
0.84375
1.78125
1.7647058823529411
1.0857142857142856
1.8333333333333333
1.2702702702702702
1.2894736842105263
0.0
1.5
1.5
1.3333333333333333
1.0
1.4
0.7142857142857143
0.75
1.8888888888888888
1.2
1.7272727272727273
1.4166666666666667
1.5384615384615383
0.5714285714285714
1.8125
1.1176470588235294
1.7647058823529411
1.8333333333333333
1.6666666666666667
1.736842105263158
1.818181818181818
1.7826086956521738
0.7391304347826086
1.0416666666666667
1.88
1.0769230769230769
1.8888888888888888
1.9642857142857144
1.9285714285714288
1.3666666666666667
2.0625
1.2424242424242424
2.090909090909091
2.1666666666666665
2.1666666666666665
1.0810810810810811
2.054054054054054
2.210526315789474
0.0
0.0
1.3333333333333333
1.25
1.75
1.2
1.8333333333333333
1.5
2.2222222222222223
1.2222222222222223
2.3
1.25
1.9166666666666667
2.0
1.1333333333333333
2.1333333333333333
1.7058823529411764
1.5
1.9444444444444444
0.8
2.0
2.0
1.0869565217391304
2.0416666666666665
1.52
2.08
1.8148148148148149
1.3571428571428572
2.0689655172413794
1.4333333333333331
2.032258064516129
1.125
2.0303030303030303
1.3529411764705883
1.0833333333333333
1.945945945945946
1.945945945945946
0.5
0.0
0.0
2.0
1.75
2.25
2.0
2.1666666666666665
1.375
2.125
1.4
0.7272727272727273
2.25
1.5384615384615383
2.357142857142857
1.0
2.1875
1.2352941176470589
2.235294117647059
1.368421052631579
1.15
2.25
1.2272727272727273
2.260869565217391
0.8333333333333334
2.2916666666666665
2.1153846153846154
2.3461538461538463
1.0
2.413793103448276
2.433333333333333
2.3870967741935485
1.5
2.363636363636364
1.0857142857142856
2.342857142857143
1.1388888888888888
1.3243243243243243
2.289473684210526
0.0
1.5
2.0
0.5
0.8
2.4
1.0
2.2857142857142856
2.375
1.4
2.5
0.9166666666666666
1.0
2.076923076923077
1.5333333333333334
2.066666666666667
2.0
1.2777777777777777
2.0
1.1
1.4761904761904765
2.136363636363636
1.173913043478261
2.0
2.04
1.2307692307692308
2.0
0.7142857142857143
2.0357142857142856
1.0689655172413792
2.033333333333333
1.40625
2.4545454545454546
2.1142857142857143
0.8333333333333334
2.1621621621621623
2.1621621621621623
1.105263157894737
0.0
1.5
1.0
0.8
1.5
1.5714285714285714
1.625
0.5555555555555556
1.4444444444444444
1.7272727272727273
1.5454545454545454
1.9230769230769231
1.7692307692307692
1.6428571428571428
1.1875
1.5294117647058822
1.2941176470588236
1.6111111111111112
1.0526315789473684
1.619047619047619
1.619047619047619
1.0454545454545454
1.608695652173913
0.8333333333333334
1.6
1.8461538461538465
1.4814814814814814
1.1851851851851851
1.5172413793103448
1.5172413793103448
1.6129032258064515
2.1818181818181817
0.8484848484848485
1.588235294117647
1.6285714285714286
0.3243243243243243
1.162162162162162
1.6842105263157894
0.0
0.3333333333333333
0.3333333333333333
2.4
1.0
0.4285714285714285
1.5714285714285714
1.4444444444444444
1.8888888888888888
0.7272727272727273
1.75
1.75
1.5
1.1333333333333333
1.4666666666666666
2.117647058823529
1.2941176470588236
1.5294117647058822
1.6111111111111112
0.55
0.9523809523809524
1.6363636363636365
1.2727272727272727
1.75
1.1923076923076923
1.8148148148148149
1.8571428571428568
1.137931034482759
1.4333333333333331
1.7419354838709675
1.71875
1.2121212121212122
1.696969696969697
1.7352941176470589
1.4285714285714286
1.75
1.7837837837837838
1.394736842105263
0.0
1.3333333333333333
1.3333333333333333
2.0
0.6666666666666666
2.1666666666666665
1.25
2.375
2.4444444444444446
1.818181818181818
2.363636363636364
1.0
2.3076923076923075
1.7142857142857142
1.2
0.6875
2.176470588235294
2.176470588235294
1.5789473684210529
1.65
2.2
2.238095238095238
0.6521739130434783
2.25
1.64
2.3076923076923075
0.8076923076923077
2.333333333333333
0.9310344827586208
2.2413793103448274
2.096774193548387
0.8125
2.121212121212121
2.264705882352941
2.0285714285714285
0.3055555555555556
2.081081081081081
1.0263157894736843
0.0
0.0
1.0
1.3333333333333333
0.8
1.8
1.0
1.7142857142857142
1.3333333333333333
1.9
0.9090909090909092
1.818181818181818
1.6666666666666667
1.0
2.2
1.5333333333333334
1.1176470588235294
1.6666666666666667
1.7222222222222223
1.631578947368421
1.6
1.2272727272727273
1.565217391304348
1.7826086956521738
0.96
1.72
1.6923076923076923
0.8148148148148148
1.6428571428571428
0.9666666666666668
1.7333333333333334
1.28125
2.121212121212121
1.8235294117647056
1.0857142857142856
1.8888888888888888
2.324324324324324
1.8157894736842104
0.0
1.5
1.0
2.25
1.2
1.0
1.875
1.875
0.6
1.9
0.8333333333333334
1.3076923076923077
1.7857142857142858
1.7857142857142858
1.5
1.0588235294117647
1.8823529411764703
2.0
0.7
2.05
0.8571428571428571
2.0
1.6363636363636365
2.0869565217391304
2.2
1.96
1.8846153846153848
1.2592592592592593
1.9642857142857144
0.8275862068965517
2.033333333333333
1.4193548387096775
2.09375
1.7941176470588236
0.9142857142857144
2.0285714285714285
1.1891891891891893
1.894736842105263
0.0
0.5
1.0
1.75
1.0
1.8333333333333333
2.142857142857143
1.375
1.8888888888888888
1.7
1.818181818181818
0.75
1.1538461538461535
1.8571428571428568
1.1333333333333333
1.8125
2.0
1.7777777777777777
1.0
0.95
1.8571428571428568
0.9090909090909092
1.8695652173913044
1.9166666666666667
1.2
1.9230769230769231
1.962962962962963
2.0
1.0666666666666669
1.933333333333333
1.03125
1.9090909090909087
1.6363636363636365
1.3529411764705883
1.8285714285714283
1.1944444444444444
1.8108108108108107
1.263157894736842
0.0
0.0
2.0
0.3333333333333333
0.2
0.8
1.7142857142857142
0.875
1.1111111111111112
2.111111111111111
1.3
1.0833333333333333
1.5833333333333333
0.6428571428571429
1.6428571428571428
2.375
1.1176470588235294
1.7777777777777777
1.736842105263158
1.0
1.0952380952380951
1.6363636363636365
0.8260869565217391
1.5416666666666667
1.32
1.6538461538461535
1.4444444444444444
1.75
1.2758620689655171
1.793103448275862
0.8064516129032258
1.8125
0.6666666666666666
1.8823529411764703
1.8823529411764703
1.2
1.7837837837837838
1.236842105263158
0.0
0.5
0.3333333333333333
0.6666666666666666
1.6
1.6
1.5714285714285714
0.375
1.5
2.1
1.5
1.3636363636363635
0.75
1.5
1.4285714285714286
1.4
0.5294117647058824
0.8333333333333334
1.5789473684210529
0.85
1.5454545454545454
1.826086956521739
1.4782608695652173
1.5416666666666667
1.52
1.1153846153846154
1.6296296296296295
1.821428571428572
1.3333333333333333
1.6666666666666667
1.4193548387096775
1.75
1.7878787878787878
1.2121212121212122
1.8
0.6857142857142857
1.8108108108108107
1.0789473684210529
0.0
1.5
1.0
0.25
1.8
1.1666666666666667
1.1428571428571428
2.0
0.3333333333333333
2.2
1.5454545454545454
2.083333333333333
1.0
2.2142857142857144
2.2666666666666666
1.8125
2.0588235294117645
0.7777777777777778
1.736842105263158
2.1
1.0952380952380951
2.1818181818181817
1.3478260869565215
2.1666666666666665
1.88
2.1153846153846154
2.1153846153846154
0.9642857142857144
1.7666666666666666
2.2
2.0
2.0
1.9090909090909087
1.8823529411764703
1.0285714285714285
1.9444444444444444
1.972972972972973
0.868421052631579
0.0
0.5
0.3333333333333333
1.25
2.0
1.5
2.2857142857142856
1.25
0.8888888888888888
1.4
1.3636363636363635
1.4166666666666667
1.0
1.4285714285714286
1.0
1.4375
1.2352941176470589
1.5
1.631578947368421
1.65
1.5714285714285714
2.136363636363636
1.6956521739130437
1.6666666666666667
1.68
1.0384615384615383
1.7777777777777777
0.7857142857142857
1.821428571428572
1.1666666666666667
1.9
0.8125
1.9705882352941173
0.9714285714285714
1.9444444444444444
1.837837837837838
1.9189189189189189
1.894736842105263
0.0
1.5
1.0
0.5
1.4
0.6666666666666666
1.7142857142857142
1.625
1.1111111111111112
1.9
1.181818181818182
2.083333333333333
1.0769230769230769
0.8571428571428571
1.8
0.375
1.9411764705882355
1.1666666666666667
1.894736842105263
1.95
1.4285714285714286
1.4545454545454546
1.9130434782608696
1.8333333333333333
1.12
1.8461538461538465
1.5185185185185186
1.821428571428572
1.862068965517241
1.2666666666666666
1.7741935483870968
1.59375
1.7647058823529411
1.7647058823529411
0.8857142857142857
1.8
1.7297297297297298
1.7894736842105263
0.0
0.0
0.3333333333333333
1.0
1.4
1.6666666666666667
1.0
2.0
2.111111111111111
0.2
2.090909090909091
1.5
1.9230769230769231
0.8571428571428571
2.066666666666667
1.25
1.9411764705882355
1.8888888888888888
1.947368421052632
1.2
0.7142857142857143
2.0
2.0434782608695654
2.333333333333333
1.88
1.8846153846153848
1.4285714285714286
1.8
1.8
1.0625
0.7272727272727273
1.7647058823529411
2.2
1.8333333333333333
1.1666666666666667
1.108108108108108
1.864864864864865
1.894736842105263
0.0
0.0
1.3333333333333333
0.75
1.8
1.1666666666666667
1.4285714285714286
1.5
0.8888888888888888
1.6
2.5454545454545454
1.5833333333333333
1.6923076923076923
1.7857142857142858
1.8666666666666667
1.0625
0.7647058823529411
1.6666666666666667
1.736842105263158
0.9
0.7142857142857143
1.7272727272727273
0.9130434782608696
1.625
0.8
1.6153846153846154
1.8148148148148149
1.6071428571428572
1.0689655172413792
1.5
1.59375
1.6363636363636365
1.2058823529411764
1.6285714285714286
2.138888888888889
1.6216216216216215
1.1891891891891893
0.9736842105263158
