0
3
2
5
5
8
3
10
8
10
10
6
10
10
7
6
0
7
10
5
9
0
7
3
7
4
8
6
12
8
6
4
7
11
4
9
9
9
0
4
5
7
9
6
4
10
6
2
12
5
8
4
5
3
1
5
7
9
4
6
5
4
9
10
9
6
6
13
4
4
5
2
9
2
6
5
0
0
3
3
6
6
7
9
6
8
4
5
4
6
6
6
9
5
7
6
5
5
6
5
7
6
10
7
4
11
3
10
2
12
6
7
0
8
0
0
1
1
4
5
7
6
7
5
6
7
4
5
5
2
6
9
7
4
13
11
7
1
9
7
10
10
5
7
7
7
15
8
9
2
11
4
0
3
4
1
9
8
1
6
6
4
6
8
8
0
13
7
5
7
4
13
6
3
1
6
6
7
4
8
6
7
6
10
7
5
12
9
9
5
0
1
1
3
5
7
5
7
4
13
4
9
3
4
6
6
13
7
8
6
6
4
8
15
6
4
5
1
6
7
3
4
1
5
5
3
5
4
0
3
3
7
8
3
11
4
8
7
7
6
8
9
7
8
6
6
10
2
2
11
1
1
4
2
7
6
13
7
10
3
8
6
8
9
4
11
0
0
3
10
7
7
10
7
15
8
5
10
10
10
11
11
9
8
5
3
12
5
11
10
11
1
8
8
7
8
4
5
1
4
5
9
6
10
0
3
6
4
7
7
10
12
10
8
10
8
7
10
10
5
12
11
7
11
4
13
13
9
13
7
4
8
8
4
1
10
11
1
1
6
6
4
0
3
3
9
0
12
10
12
8
8
6
7
6
7
8
8
11
5
13
7
4
13
5
5
13
3
9
9
6
8
9
6
9
8
8
3
10
6
0
3
1
6
5
7
7
12
5
4
5
7
11
6
9
5
4
11
3
3
7
4
10
5
5
7
7
6
8
7
5
7
7
5
8
7
8
10
0
0
3
5
7
7
5
7
5
5
8
7
4
10
5
8
10
4
4
5
7
5
4
8
12
5
5
10
5
6
5
5
2
5
7
3
7
3
0
3
0
7
4
10
5
5
4
2
12
4
7
6
7
13
6
9
12
1
4
6
1
1
2
4
5
8
4
5
9
9
10
10
7
7
11
7
0
3
3
4
3
10
6
7
12
7
7
5
6
6
9
5
5
6
5
1
10
4
6
8
7
4
5
5
13
6
7
4
6
9
1
4
4
4
0
0
4
7
6
10
8
6
3
4
0
12
2
3
1
9
15
8
5
3
3
11
2
8
1
7
0
6
3
7
6
0
6
7
13
5
10
4
0
3
3
1
4
5
1
5
1
2
0
10
1
6
1
8
2
4
3
3
8
8
5
5
3
5
5
7
3
10
3
11
10
0
10
0
5
1
