0.0
0.0
-0.5
-0.2
-0.8333333333333334
0.1428571428571428
-0.2857142857142857
0.5
-0.3
0.0
0.4166666666666667
-0.0769230769230769
0.3571428571428571
0.3333333333333333
0.125
0.2941176470588235
-0.7058823529411765
0.3157894736842105
1.6
0.1904761904761904
0.5909090909090909
-0.0833333333333333
0.0833333333333333
0.04
-0.1153846153846153
0.0
0.0344827586206896
0.2758620689655172
0.6
0.0967741935483871
-0.064516129032258
-0.0967741935483871
-0.2727272727272727
0.1470588235294117
-0.1764705882352941
0.1388888888888889
-0.6666666666666666
0.1578947368421052
0.0
0.3333333333333333
0.5
0.0
0.6666666666666666
-0.1428571428571428
-0.125
0.7777777777777778
-0.1
0.0
0.8181818181818182
-0.6666666666666666
0.4285714285714285
-1.2857142857142858
0.2666666666666666
0.25
-0.6470588235294118
0.2222222222222222
0.5
0.2631578947368421
0.0476190476190476
-0.9523809523809524
0.0869565217391304
-0.2083333333333333
0.12
0.7692307692307693
0.1111111111111111
-0.4814814814814814
0.1034482758620689
0.9
-0.032258064516129
-0.03125
0.5454545454545454
-0.0588235294117647
0.3529411764705882
-0.0857142857142857
-0.2222222222222222
-0.0789473684210526
0.0
-0.5
-0.6666666666666666
-0.25
0.2
0.0
-0.1428571428571428
-0.25
0.2222222222222222
-0.2
-0.3636363636363636
-0.3333333333333333
0.0769230769230769
-0.1428571428571428
-0.7142857142857143
-0.1333333333333333
0.125
-0.6470588235294118
-0.0526315789473684
-0.15
0.2
-0.6363636363636364
-0.1818181818181818
-0.0434782608695652
-0.12
0.1153846153846153
0.1111111111111111
0.0714285714285714
-0.5517241379310345
0.6666666666666666
-0.1290322580645161
1.03125
-0.1212121212121212
0.8235294117647058
-0.0857142857142857
-0.0833333333333333
-1.0555555555555556
-0.0789473684210526
0.0
-0.5
-0.3333333333333333
-0.3333333333333333
-0.2
0.2
-0.4285714285714285
-0.75
-0.4444444444444444
-0.2
-0.3636363636363636
-0.5
-0.4615384615384615
0.1428571428571428
-0.4
-1.3125
-0.5294117647058824
-0.3888888888888889
0.2777777777777778
-0.2631578947368421
-0.1428571428571428
1.181818181818182
-0.2608695652173913
-1.0869565217391304
0.04
-0.1153846153846153
0.074074074074074
0.0
-0.2413793103448276
0.0666666666666666
-0.032258064516129
0.09375
1.0625
0.3529411764705882
0.1142857142857142
-0.3333333333333333
0.1621621621621621
0.7105263157894737
0.0
1.0
0.6666666666666666
-0.3333333333333333
1.0
0.1666666666666666
-1.1666666666666667
0.125
0.125
-0.5555555555555556
0.0909090909090909
0.2727272727272727
0.3076923076923077
-0.2857142857142857
0.4
0.4375
-0.3529411764705882
0.1666666666666666
0.0
0.85
-0.6190476190476191
-0.0454545454545454
-0.8695652173913043
0.0
-0.08
1.0
-0.1481481481481481
0.1481481481481481
0.2142857142857142
-0.1
-0.1612903225806451
-0.65625
-0.0606060606060606
-0.2727272727272727
0.1764705882352941
-0.0277777777777777
0.1388888888888889
-0.1578947368421052
0.0
0.0
-0.3333333333333333
-0.3333333333333333
0.0
0.4
-0.6666666666666666
-0.375
-0.6666666666666666
0.3333333333333333
-0.6363636363636364
0.0909090909090909
-0.8461538461538461
0.0
-0.5333333333333333
-0.5333333333333333
0.6875
-0.5882352941176471
-0.3157894736842105
0.631578947368421
-0.2857142857142857
-0.0476190476190476
-0.2272727272727272
1.608695652173913
-0.25
-0.24
-0.1111111111111111
-1.0
-0.1071428571428571
-0.1333333333333333
-0.2666666666666666
-0.2258064516129032
-0.6363636363636364
-0.5882352941176471
-0.2857142857142857
0.0
-0.3055555555555556
-1.105263157894737
0.0
0.5
-0.3333333333333333
0.75
0.6
-0.8333333333333334
0.7142857142857143
-0.625
-0.5
0.5
-0.2727272727272727
0.4166666666666667
0.4615384615384615
-0.4615384615384615
-0.3571428571428571
0.4
0.2352941176470588
0.2222222222222222
1.4736842105263157
0.0
-0.0476190476190476
0.9090909090909092
-0.0869565217391304
-0.8260869565217391
-0.08
-0.84
-0.1111111111111111
-0.1785714285714285
0.9655172413793104
0.8
0.3870967741935484
-0.1875
-0.46875
-0.1515151515151515
0.1428571428571428
-0.0833333333333333
-0.5555555555555556
0.0526315789473684
0.0
-0.5
0.0
0.6
0.1666666666666666
0.2857142857142857
0.375
0.25
0.5555555555555556
0.0909090909090909
-1.5454545454545454
0.3076923076923077
0.5
0.5
1.3571428571428572
0.8
0.4705882352941176
0.2777777777777778
0.4210526315789473
0.4
0.238095238095238
-0.6818181818181818
0.5217391304347826
0.0434782608695652
0.48
-0.6
0.5185185185185185
0.5185185185185185
-0.5862068965517241
0.5
-0.7096774193548387
0.375
-0.5454545454545454
0.3529411764705882
-0.3714285714285714
0.6111111111111112
-0.4594594594594595
0.5263157894736842
0.0
1.0
0.6666666666666666
0.25
0.4
-0.1666666666666666
0.5714285714285714
-0.5
0.2222222222222222
-0.6
0.6363636363636364
-0.4166666666666667
0.4166666666666667
1.1538461538461535
0.0714285714285714
0.375
0.0625
0.5
0.5
0.5
-1.05
0.5454545454545454
0.5454545454545454
0.0869565217391304
0.5833333333333334
1.1153846153846154
-0.7037037037037037
0.5357142857142857
0.0
0.4
0.2258064516129032
0.40625
0.0625
0.1818181818181818
-0.6285714285714286
0.1944444444444444
0.1351351351351351
-0.4736842105263157
0.0
0.0
-0.75
0.6
-1.2
0.8333333333333334
0.875
1.25
0.5
0.5
0.4545454545454545
-0.4545454545454545
0.3333333333333333
0.4615384615384615
-0.9333333333333332
0.6875
0.7058823529411765
-0.2352941176470588
0.7894736842105263
0.55
-0.4285714285714285
1.4545454545454546
0.4782608695652174
0.5416666666666666
1.44
-0.9615384615384616
0.5862068965517241
0.5666666666666667
-0.8
-0.1935483870967742
0.5483870967741935
0.34375
0.2352941176470588
0.3714285714285714
0.3714285714285714
-0.2222222222222222
0.4166666666666667
-0.3947368421052631
0.0
1.5
-0.3333333333333333
-0.5
-0.2
-0.5
-0.2857142857142857
2.625
-0.3333333333333333
-0.2
-0.3636363636363636
-0.5
0.8461538461538461
-0.2142857142857142
0.8666666666666667
-0.4375
-0.375
0.1666666666666666
-0.5263157894736842
-0.7
-0.0476190476190476
-0.6818181818181818
0.7391304347826086
-0.5833333333333334
-0.5833333333333334
-0.04
-0.5769230769230769
-0.2962962962962963
-0.5357142857142857
-0.5172413793103449
-0.4516129032258064
0.0625
-0.3939393939393939
-0.0909090909090909
-0.3428571428571428
-0.6571428571428571
-0.3513513513513513
0.4210526315789473
0.0
-0.5
0.5
0.5
0.5
0.3333333333333333
-0.5
0.5
-0.625
0.0
-0.0909090909090909
0.0833333333333333
-0.0769230769230769
1.3076923076923077
-0.1333333333333333
0.3125
0.4117647058823529
-0.2222222222222222
-0.2105263157894736
-0.2631578947368421
-0.1904761904761904
-0.1818181818181818
-0.6521739130434783
-0.125
1.76
-0.1923076923076923
-0.1923076923076923
-0.1481481481481481
-0.1379310344827586
0.5
-0.28125
-0.4375
-0.3823529411764705
0.0294117647058823
-0.8
-0.3888888888888889
0.6216216216216216
-0.3684210526315789
0.0
0.5
-1.0
2.0
-0.2
0.5
-0.5714285714285714
-0.5714285714285714
-1.2222222222222223
-0.7
1.0909090909090908
-0.5833333333333334
0.5833333333333334
-0.4615384615384615
-0.7333333333333333
0.125
-0.6470588235294118
-0.5
0.2777777777777778
-0.7894736842105263
-1.1428571428571428
-0.5238095238095238
-1.0869565217391304
-0.5416666666666666
-1.04
-0.3076923076923077
-0.925925925925926
0.9285714285714286
-0.9310344827586208
-0.7931034482758621
0.5806451612903226
-0.8064516129032258
-0.125
-0.7058823529411765
-0.2
-0.7714285714285715
0.918918918918919
-0.5789473684210527
0.0
1.0
0.5
-0.75
-0.2
1.3333333333333333
0.1428571428571428
0.125
0.2222222222222222
-0.3
-0.3636363636363636
-0.0833333333333333
-1.2307692307692308
-0.0714285714285714
0.0
0.1875
-0.2941176470588235
-0.8888888888888888
-0.0526315789473684
-0.35
1.0
-0.3181818181818182
-0.217391304347826
-0.25
-0.36
-0.3461538461538461
-0.3333333333333333
-0.6785714285714286
1.0344827586206895
-0.4666666666666667
-0.2903225806451613
-1.25
-0.3939393939393939
0.1764705882352941
-0.4722222222222222
-0.25
-0.4054054054054054
-0.5
0.0
-1.0
0.3333333333333333
0.5
0.2
0.0
0.7142857142857143
-0.625
-0.8888888888888888
-0.2
-1.0
1.5
-0.8461538461538461
-0.7857142857142857
-0.6666666666666666
-0.5625
0.7058823529411765
-0.5555555555555556
-0.5789473684210527
-0.5
-0.5238095238095238
0.0909090909090909
-0.6086956521739131
1.3333333333333333
-0.8
-0.1923076923076923
-0.8518518518518519
-0.3703703703703703
-0.7931034482758621
-0.1379310344827586
-0.6451612903225806
-0.7419354838709677
-0.6875
-0.6666666666666666
-0.0588235294117647
0.0
-0.5405405405405406
-0.6842105263157895
0.0
0.5
0.0
-1.0
-0.2
-0.5
-0.4285714285714285
-0.375
-0.5555555555555556
-0.1
-0.7272727272727273
1.4166666666666667
-0.7692307692307693
-0.1428571428571428
-1.0
0.875
-1.0
0.2222222222222222
-0.8947368421052632
-0.95
0.1904761904761904
0.5909090909090909
-0.8695652173913043
-0.8333333333333334
-0.72
-0.1538461538461538
-0.9629629629629628
0.4074074074074074
-1.0
0.9
-1.1
0.1290322580645161
-0.375
-1.2121212121212122
0.2941176470588235
-1.2222222222222223
-0.7222222222222222
-1.1842105263157894
