0.0
1.0
0.5
1.0
0.8333333333333334
1.2857142857142858
0.5714285714285714
1.5
1.2
1.3636363636363635
1.5833333333333333
1.3076923076923077
1.5714285714285714
1.5333333333333334
1.4375
1.4705882352941178
0.8235294117647058
1.5263157894736843
2.15
1.380952380952381
1.6363636363636365
1.2083333333333333
1.3333333333333333
1.28
0.9615384615384616
1.2222222222222223
1.2758620689655171
1.5862068965517242
1.7666666666666666
1.3225806451612905
1.4516129032258065
1.1290322580645162
1.1515151515151516
1.411764705882353
1.3235294117647058
1.3888888888888888
0.9166666666666666
1.4210526315789471
0.0
1.3333333333333333
1.25
1.4
1.5
0.8571428571428571
0.875
1.6666666666666667
1.0
1.2
1.9090909090909087
0.9166666666666666
1.6428571428571428
0.6428571428571429
1.5333333333333334
1.5
0.5294117647058824
1.5
1.8333333333333333
1.4210526315789471
1.3333333333333333
0.9047619047619048
1.391304347826087
1.125
1.44
1.6538461538461535
1.4074074074074074
1.148148148148148
1.4137931034482758
2.0
1.3225806451612905
1.3125
1.818181818181818
1.2647058823529411
1.588235294117647
1.2285714285714286
1.1666666666666667
1.236842105263158
0.0
0.0
1.0
0.75
1.2
1.0
1.1428571428571428
1.125
1.3333333333333333
1.0
0.9090909090909092
0.9166666666666666
1.1538461538461535
1.0714285714285714
0.7857142857142857
1.0666666666666669
1.5625
0.8823529411764706
1.1578947368421053
1.1
1.3
0.8636363636363636
1.1363636363636365
1.391304347826087
1.16
1.3076923076923077
1.2962962962962965
1.25
1.0
1.933333333333333
1.1290322580645162
2.0625
1.121212121212121
1.7647058823529411
1.1714285714285717
1.1666666666666667
0.5277777777777778
1.1842105263157894
0.0
0.0
0.3333333333333333
0.3333333333333333
0.8
1.0
1.0
0.875
0.8888888888888888
0.9
0.9090909090909092
0.9166666666666666
0.8461538461538461
1.2142857142857142
0.9333333333333332
0.6875
1.0
1.1111111111111112
1.3888888888888888
1.0
1.2857142857142858
2.227272727272727
1.173913043478261
0.7391304347826086
1.32
1.3846153846153846
1.3703703703703705
1.3214285714285714
0.9655172413793104
1.3333333333333333
1.0
1.375
2.1875
1.4705882352941178
1.4
1.0833333333333333
1.4864864864864864
1.894736842105263
0.0
1.5
1.3333333333333333
0.3333333333333333
2.25
1.3333333333333333
0.1666666666666666
1.25
1.25
0.8888888888888888
1.2727272727272727
1.3636363636363635
1.3846153846153846
0.9285714285714286
1.6
1.5
0.8235294117647058
1.3888888888888888
1.3157894736842106
1.85
0.9047619047619048
1.2727272727272727
0.6956521739130435
1.2916666666666667
1.24
1.9615384615384608
1.1851851851851851
1.7777777777777777
1.4642857142857142
1.2666666666666666
1.2258064516129032
0.84375
1.2727272727272727
1.3333333333333333
1.5294117647058822
1.3055555555555556
1.25
1.236842105263158
0.0
0.5
0.3333333333333333
1.0
1.0
1.4
0.8333333333333334
1.0
0.6666666666666666
1.7777777777777777
0.8181818181818182
1.4545454545454546
0.6923076923076923
1.4615384615384617
1.0
1.0
1.9375
1.0
1.0526315789473684
1.6842105263157894
1.0476190476190477
1.238095238095238
1.1363636363636365
2.652173913043478
1.0833333333333333
1.16
1.1111111111111112
0.6666666666666666
1.1071428571428572
1.1333333333333333
1.0666666666666669
1.096774193548387
0.8181818181818182
0.8529411764705882
1.1142857142857143
1.1944444444444444
1.0833333333333333
0.3947368421052631
0.0
1.5
1.0
1.75
1.6
0.5
1.7142857142857142
0.875
1.125
1.5
1.0909090909090908
1.5
1.6153846153846154
1.0769230769230769
1.1428571428571428
1.5333333333333334
1.411764705882353
1.5
2.3157894736842106
1.25
1.1904761904761905
2.136363636363636
1.1304347826086956
0.5217391304347826
1.16
0.8
1.1851851851851851
1.1428571428571428
1.896551724137931
1.7666666666666666
1.4838709677419355
1.09375
1.03125
1.1515151515151516
1.4
1.1944444444444444
0.9722222222222222
1.2894736842105263
0.0
0.0
1.0
2.0
1.1666666666666667
1.4285714285714286
1.375
1.25
1.8888888888888888
1.3636363636363635
0.5454545454545454
1.6153846153846154
1.7142857142857142
1.7142857142857142
2.357142857142857
1.7333333333333334
1.588235294117647
1.8333333333333333
1.5263157894736843
1.5
1.1428571428571428
1.0
1.6956521739130437
1.565217391304348
1.64
1.08
1.6296296296296295
1.6296296296296295
1.0
1.6333333333333333
0.8709677419354839
1.53125
0.7878787878787878
1.5294117647058822
0.8857142857142857
1.6111111111111112
1.0
1.5526315789473684
0.0
1.5
2.0
1.0
1.4
1.1666666666666667
1.8571428571428568
1.5
1.5555555555555556
1.2
1.818181818181818
1.1666666666666667
1.6666666666666667
1.8461538461538465
1.2857142857142858
1.5625
1.25
1.7222222222222223
1.6666666666666667
1.75
0.75
1.8636363636363635
1.8636363636363635
1.3478260869565215
1.9583333333333333
1.8846153846153848
0.925925925925926
1.8571428571428568
1.103448275862069
1.7333333333333334
1.6774193548387095
1.59375
1.375
1.606060606060606
0.9714285714285714
1.6111111111111112
1.5675675675675675
0.8947368421052632
0.0
1.0
0.75
1.8
0.0
2.0
2.0
2.25
1.7
1.7
1.6363636363636365
1.0
1.5
1.6923076923076923
1.0
1.625
1.7058823529411764
1.2352941176470589
1.8421052631578947
1.5
0.8571428571428571
2.0454545454545454
1.608695652173913
1.6666666666666667
2.12
0.8846153846153846
1.6896551724137931
1.6666666666666667
0.9
1.096774193548387
1.6451612903225807
1.59375
1.4705882352941178
1.6571428571428573
1.6571428571428573
1.3055555555555556
1.6944444444444444
1.236842105263158
0.0
1.5
0.3333333333333333
1.5
1.0
1.1666666666666667
1.4285714285714286
2.25
1.2222222222222223
1.0
1.0909090909090908
1.1666666666666667
1.8461538461538465
1.2142857142857142
1.7333333333333334
1.0625
1.1875
1.5
1.0526315789473684
1.0
1.2857142857142858
0.9545454545454546
1.826086956521739
1.0416666666666667
1.0416666666666667
1.04
1.0769230769230769
1.148148148148148
1.0714285714285714
0.9655172413793104
1.064516129032258
1.21875
1.121212121212121
1.1515151515151516
1.1714285714285717
0.9714285714285714
1.135135135135135
1.5263157894736843
0.0
0.0
1.5
1.25
1.75
1.1666666666666667
0.8333333333333334
1.375
0.625
1.1
1.181818181818182
1.25
1.1538461538461535
2.230769230769231
1.0666666666666669
1.625
1.7058823529411764
1.0555555555555556
1.0526315789473684
1.0
1.1428571428571428
1.0909090909090908
0.8695652173913043
1.1666666666666667
2.28
1.0769230769230769
1.0769230769230769
1.2222222222222223
1.137931034482759
1.6333333333333333
1.0625
1.1875
1.0294117647058822
1.2352941176470589
0.9428571428571428
1.0
1.7567567567567568
1.0
0.0
1.5
0.0
1.75
0.8
1.6666666666666667
0.7142857142857143
0.7142857142857143
0.6666666666666666
0.6
2.1818181818181817
0.75
1.3333333333333333
0.6923076923076923
0.8666666666666667
1.375
0.8823529411764706
1.0
1.6111111111111112
0.7894736842105263
0.8571428571428571
0.8571428571428571
0.8260869565217391
0.875
0.8
1.1538461538461535
0.8888888888888888
2.0
0.8275862068965517
0.6896551724137931
1.4516129032258065
0.967741935483871
1.21875
1.0
1.0571428571428572
0.9714285714285714
1.864864864864865
1.0526315789473684
0.0
1.5
1.5
1.0
0.6
1.6666666666666667
1.2857142857142858
1.625
1.6666666666666667
1.0
1.0909090909090908
1.1666666666666667
0.5384615384615384
1.1428571428571428
1.2666666666666666
1.375
1.1176470588235294
0.7222222222222222
1.0526315789473684
1.0
2.142857142857143
1.0454545454545454
0.9565217391304348
1.125
0.88
1.0384615384615383
1.037037037037037
1.0
2.1724137931034484
1.0333333333333334
1.096774193548387
0.75
1.0303030303030305
1.411764705882353
0.9722222222222222
1.0277777777777777
1.027027027027027
1.0
0.0
0.0
1.3333333333333333
1.75
1.2
1.6666666666666667
1.5714285714285714
1.25
1.1111111111111112
1.1
0.9090909090909092
2.083333333333333
0.9230769230769232
0.9285714285714286
0.6666666666666666
1.1875
1.8235294117647056
1.1111111111111112
1.0
0.8
1.0476190476190477
1.4545454545454546
0.9565217391304348
2.208333333333333
0.88
1.2692307692307692
0.8148148148148148
1.0
0.8620689655172413
1.3793103448275863
0.9032258064516128
0.7096774193548387
0.875
0.8787878787878788
1.2058823529411764
1.2571428571428571
1.027027027027027
0.7894736842105263
0.0
1.5
1.0
0.25
0.8
0.8333333333333334
0.5714285714285714
0.75
0.4444444444444444
1.0
0.3636363636363636
2.083333333333333
0.3846153846153846
1.1428571428571428
0.3333333333333333
1.875
0.3529411764705882
1.3888888888888888
0.4210526315789473
0.4
1.4761904761904765
1.9545454545454544
0.5217391304347826
0.5416666666666666
0.92
1.3461538461538465
0.5925925925925926
1.2962962962962965
0.5517241379310345
1.8333333333333333
0.5333333333333333
1.3225806451612905
1.1875
0.4848484848484848
1.4705882352941178
0.4444444444444444
0.8333333333333334
0.4473684210526316
