0.0
-0.3333333333333333
0.5
-0.2
0.5
-0.7142857142857143
0.7142857142857143
-0.125
0.0
-0.1818181818181818
-0.4166666666666667
0.3076923076923077
-0.3571428571428571
-0.6666666666666666
0.0625
0.4117647058823529
0.3529411764705882
-0.0526315789473684
-0.2
0.238095238095238
-0.2272727272727272
0.5416666666666666
-0.2916666666666667
0.04
-0.1153846153846153
0.1111111111111111
-0.2068965517241379
0.0689655172413793
-0.2
-0.0967741935483871
0.064516129032258
0.1290322580645161
0.1212121212121212
-0.2058823529411764
0.2058823529411764
-0.0833333333333333
0.0
-0.0789473684210526
0.0
-0.6666666666666666
-0.5
-0.2
-1.0
0.7142857142857143
1.125
-0.6666666666666666
0.6
1.0
-0.2727272727272727
0.3333333333333333
-0.1428571428571428
0.2857142857142857
-0.0666666666666666
0.4375
0.1176470588235294
-0.1111111111111111
-0.1111111111111111
-0.2631578947368421
0.1428571428571428
-0.0952380952380952
0.0869565217391304
0.1666666666666666
-0.04
-0.0384615384615384
0.1111111111111111
0.1111111111111111
-0.0689655172413793
-0.2666666666666666
-0.0967741935483871
0.03125
-0.0303030303030303
0.1764705882352941
-0.2058823529411764
0.0571428571428571
-0.1111111111111111
0.0789473684210526
0.0
0.5
-1.0
0.0
-0.6
-0.1666666666666666
-0.1428571428571428
-0.625
0.0
-0.1
0.5454545454545454
0.5833333333333334
-0.0769230769230769
-0.2857142857142857
0.0
0.2
0.0
0.1764705882352941
0.2105263157894736
0.05
0.05
0.0454545454545454
-0.1363636363636363
0.1739130434782608
-0.12
0.1538461538461538
-0.1111111111111111
0.2142857142857142
0.0689655172413793
-0.1666666666666666
0.032258064516129
-0.28125
0.2727272727272727
-0.2647058823529412
0.0
-0.0277777777777777
0.1944444444444444
-0.0263157894736842
0.0
0.0
1.6666666666666667
0.0
0.6
-0.2
0.8571428571428571
0.0
0.1111111111111111
0.0
0.5454545454545454
-0.25
0.2307692307692307
-0.1428571428571428
0.2666666666666666
0.125
0.1764705882352941
-0.0555555555555555
0.1111111111111111
0.3157894736842105
-0.1428571428571428
-0.0454545454545454
-0.1304347826086956
0.2608695652173913
-0.08
0.0769230769230769
-0.2962962962962963
-0.1785714285714285
0.1724137931034483
-0.0333333333333333
0.0
-0.125
-0.25
0.0
-0.0285714285714285
0.1944444444444444
-0.1891891891891892
0.1842105263157894
0.0
-1.0
-0.3333333333333333
1.0
-1.25
-0.8333333333333334
1.1666666666666667
-0.25
0.875
0.3333333333333333
0.5454545454545454
-0.1818181818181818
0.1538461538461538
0.7142857142857143
-0.4666666666666667
0.1875
0.2941176470588235
0.1666666666666666
0.3684210526315789
-0.6
-0.238095238095238
-0.0454545454545454
0.0869565217391304
0.2916666666666667
0.16
0.0
-0.037037037037037
-0.1481481481481481
0.0357142857142857
-0.0333333333333333
0.064516129032258
-0.03125
0.0
0.0606060606060606
-0.0588235294117647
-0.0833333333333333
0.0
0.0
0.0
1.0
-0.3333333333333333
-0.6666666666666666
0.4
-0.4
1.6666666666666667
-0.25
0.1111111111111111
-1.0
0.1818181818181818
-0.4545454545454545
-0.1538461538461538
-0.0769230769230769
0.2
0.4
-0.375
0.0588235294117647
-0.0526315789473684
0.1052631578947368
0.0
0.0952380952380952
0.0909090909090909
-0.3043478260869565
-0.0416666666666666
0.08
0.0
0.1481481481481481
0.1071428571428571
0.1
0.1333333333333333
0.1612903225806451
0.0909090909090909
-0.088235294117647
0.0
0.0555555555555555
0.2777777777777778
0.0
0.0
-1.0
0.3333333333333333
-0.75
-1.4
1.0
0.1428571428571428
0.625
0.125
0.0
-0.0909090909090909
-0.0833333333333333
0.3846153846153846
-0.0769230769230769
0.0714285714285714
-0.0666666666666666
0.0588235294117647
-0.1111111111111111
-0.3684210526315789
0.35
0.0952380952380952
-0.4545454545454545
0.391304347826087
0.0
0.04
0.08
0.2222222222222222
-0.0357142857142857
-0.2068965517241379
-0.1
-0.1612903225806451
0.09375
-0.15625
0.0303030303030303
0.0285714285714285
-0.0833333333333333
0.1388888888888889
-0.2368421052631578
0.0
1.5
-0.6666666666666666
-0.6
0.3333333333333333
0.4285714285714285
-0.625
0.375
-0.5555555555555556
-0.5454545454545454
0.2727272727272727
-0.5384615384615384
-0.5714285714285714
-0.1428571428571428
-0.0714285714285714
0.1333333333333333
-0.2941176470588235
-0.0555555555555555
0.3684210526315789
0.25
-0.2857142857142857
0.1818181818181818
-0.1739130434782608
0.0434782608695652
-0.36
0.4
-0.2962962962962963
0.1851851851851851
0.0344827586206896
0.0666666666666666
0.1290322580645161
0.3125
0.0303030303030303
-0.088235294117647
0.0285714285714285
-0.1111111111111111
0.1081081081081081
-0.1578947368421052
0.0
-1.5
-1.0
-0.75
-0.6
0.5
0.1428571428571428
-0.25
-0.5555555555555556
0.2
-0.4545454545454545
-0.0833333333333333
0.0833333333333333
-0.2307692307692307
-0.0714285714285714
0.3125
-0.4375
-0.2777777777777778
0.2222222222222222
-0.3
0.35
-0.2272727272727272
-0.5454545454545454
0.1739130434782608
-0.25
0.2307692307692307
0.2222222222222222
-0.1428571428571428
-0.1034482758620689
0.2
0.2580645161290322
-0.28125
-0.3125
0.0909090909090909
0.0571428571428571
0.0277777777777777
-0.054054054054054
0.0526315789473684
0.0
0.0
0.75
-1.0
1.8
-1.3333333333333333
0.0
-0.25
-0.4
0.0
-0.2727272727272727
-0.0909090909090909
0.0
0.0769230769230769
-0.1333333333333333
0.25
-0.4117647058823529
0.3529411764705882
0.0
0.25
0.238095238095238
-0.2727272727272727
-0.1739130434782608
0.125
-0.28
0.1538461538461538
-0.1034482758620689
-0.1666666666666666
0.1
0.032258064516129
-0.064516129032258
0.09375
-0.088235294117647
-0.0857142857142857
-0.1142857142857142
0.1944444444444444
0.0
0.1052631578947368
0.0
-1.5
0.6666666666666666
-1.5
0.2
-0.3333333333333333
0.0
-0.625
0.0
0.1
0.0
-0.3333333333333333
-0.3846153846153846
0.0
-0.2
0.125
0.0625
-0.3888888888888889
0.3684210526315789
0.15
-0.1428571428571428
0.0454545454545454
-0.3478260869565217
-0.0833333333333333
0.3333333333333333
0.04
-0.2692307692307692
0.074074074074074
-0.0714285714285714
0.0344827586206896
0.1612903225806451
-0.0625
0.0
0.0606060606060606
0.0
0.0285714285714285
-0.081081081081081
-0.0526315789473684
0.0
0.5
-1.0
-0.25
-0.5
0.0
0.3333333333333333
0.75
0.25
0.2
-0.2727272727272727
0.5
0.0769230769230769
-0.4615384615384615
-0.1333333333333333
-0.0625
-0.3529411764705882
0.4444444444444444
0.2631578947368421
-0.0526315789473684
-0.1428571428571428
-0.0454545454545454
0.1739130434782608
0.0416666666666666
-0.28
-0.0384615384615384
0.0769230769230769
-0.1851851851851851
0.3448275862068966
-0.0333333333333333
-0.0625
0.0
0.2941176470588235
-0.088235294117647
-0.1142857142857142
0.1666666666666666
-0.1081081081081081
0.0263157894736842
0.0
-1.5
1.0
-1.5
-0.8
-1.0
0.8571428571428571
0.1428571428571428
0.0
0.3
-0.6363636363636364
0.75
-0.25
-0.1538461538461538
-0.3333333333333333
-0.5
0.2352941176470588
-0.0555555555555555
-0.1666666666666666
0.3684210526315789
0.0476190476190476
-0.0952380952380952
0.217391304347826
0.0416666666666666
0.24
-0.0384615384615384
0.1851851851851851
-0.1071428571428571
0.0
-0.0344827586206896
0.0
-0.1612903225806451
-0.125
0.0
0.0
-0.0571428571428571
-0.027027027027027
-0.0789473684210526
0.0
0.0
0.0
-0.25
0.2
-0.6666666666666666
0.5714285714285714
0.0
-0.5555555555555556
-0.3
-0.1818181818181818
0.0833333333333333
-0.0769230769230769
0.0714285714285714
-0.6
0.1875
0.1764705882352941
-0.1111111111111111
-0.1052631578947368
0.25
-0.2857142857142857
0.2272727272727272
-0.0434782608695652
0.0
0.0
-0.0384615384615384
-0.037037037037037
-0.0357142857142857
-0.3103448275862069
0.0333333333333333
0.0967741935483871
0.0625
0.0303030303030303
-0.1764705882352941
0.1666666666666666
-0.0833333333333333
0.1621621621621621
0.1578947368421052
0.0
1.5
0.0
-0.25
0.8
0.5
-0.1428571428571428
-0.25
-0.2222222222222222
-0.4
0.9090909090909092
-0.9166666666666666
0.3076923076923077
0.1428571428571428
0.3333333333333333
-0.5
-0.4117647058823529
-0.0555555555555555
0.1052631578947368
0.1
0.0476190476190476
-0.3636363636363636
0.4347826086956521
-0.25
0.12
-0.2692307692307692
0.1851851851851851
-0.2222222222222222
0.0
-0.1379310344827586
0.1935483870967742
0.1935483870967742
0.125
-0.0303030303030303
-0.1764705882352941
-0.0285714285714285
-0.1621621621621621
0.131578947368421
0.0
0.0
0.0
0.5
0.8
-0.1666666666666666
0.5714285714285714
-0.5
0.3333333333333333
-0.2
1.0
-0.8333333333333334
0.3076923076923077
-0.3571428571428571
0.4
-0.375
0.4117647058823529
-0.1111111111111111
0.1052631578947368
-0.15
-0.2857142857142857
-0.1363636363636363
0.0869565217391304
0.2083333333333333
0.08
0.1153846153846153
-0.037037037037037
-0.074074074074074
0.1034482758620689
-0.2333333333333333
0.1333333333333333
-0.3548387096774194
-0.3125
0.2727272727272727
-0.2941176470588235
0.1944444444444444
-0.1388888888888889
0.2105263157894736
