0.0
-0.3333333333333333
0.5
-0.2
0.5
-0.4285714285714285
0.7142857142857143
0.0
0.1
0.0909090909090909
-0.5833333333333334
0.3846153846153846
-0.5714285714285714
-0.8
0.0625
-0.0588235294117647
0.6470588235294118
-0.2105263157894736
-0.7
-0.0952380952380952
-0.3181818181818182
1.0
-0.125
-0.64
0.3076923076923077
-0.2222222222222222
0.2413793103448276
-0.3103448275862069
-0.5
-0.4516129032258064
-0.1290322580645161
0.1935483870967742
0.2121212121212121
-0.088235294117647
0.088235294117647
-0.1388888888888889
0.4722222222222222
-0.1578947368421052
0.0
-0.6666666666666666
-0.5
-0.2
-1.0
0.8571428571428571
1.0
-0.4444444444444444
0.8
0.6
-0.3636363636363636
0.8333333333333334
0.0714285714285714
1.0
-0.5333333333333333
0.3125
0.8823529411764706
-0.7777777777777778
-0.3333333333333333
0.0
-0.0952380952380952
0.4285714285714285
-0.1304347826086956
0.3333333333333333
-0.16
-0.2307692307692307
0.4814814814814814
0.2592592592592592
-0.4137931034482758
-0.6333333333333333
-0.3225806451612903
-0.28125
-0.5454545454545454
-0.0294117647058823
-0.3235294117647059
-0.6
0.0277777777777777
0.4473684210526316
0.0
0.5
-1.0
0.0
-0.6
-0.1666666666666666
-0.2857142857142857
-0.5
-0.3333333333333333
0.0
0.7272727272727273
0.5833333333333334
-0.2307692307692307
-0.2857142857142857
0.2857142857142857
1.0666666666666669
-0.375
0.2352941176470588
0.631578947368421
0.1
-0.2
0.2727272727272727
0.4090909090909091
-0.1739130434782608
0.04
-0.0769230769230769
-0.1851851851851851
0.25
0.2068965517241379
-0.7666666666666667
0.2580645161290322
-0.9375
-0.1818181818181818
-0.6470588235294118
0.5714285714285714
0.3888888888888889
0.6388888888888888
-0.0263157894736842
0.0
0.0
1.6666666666666667
0.0
0.6
-0.2
1.2857142857142858
0.0
0.7777777777777778
0.0
0.4545454545454545
0.0
0.0769230769230769
-0.4285714285714285
1.1333333333333333
0.1875
0.0
-0.2222222222222222
-0.2777777777777778
0.1052631578947368
0.238095238095238
-1.0
-0.3043478260869565
0.4347826086956521
0.08
0.0
-0.4074074074074074
-0.4642857142857143
0.4137931034482758
0.1
0.3870967741935484
-0.21875
-0.8125
-0.0588235294117647
-0.1142857142857142
0.3611111111111111
-0.2432432432432432
-0.4210526315789473
0.0
-1.0
-0.3333333333333333
1.0
-1.25
-0.8333333333333334
1.1666666666666667
-0.625
1.125
0.3333333333333333
0.7272727272727273
-0.0909090909090909
0.3076923076923077
0.5714285714285714
-0.4666666666666667
0.0
0.6470588235294118
0.2222222222222222
0.9473684210526316
-0.6
0.2857142857142857
-0.5909090909090909
0.5217391304347826
0.6666666666666666
-0.12
-0.7307692307692307
-0.074074074074074
-0.5925925925925926
-0.2142857142857142
-0.2
0.0
0.4375
-0.4545454545454545
-0.0606060606060606
-0.2058823529411764
0.0277777777777777
0.0555555555555555
0.2105263157894736
0.0
1.0
-0.3333333333333333
-0.6666666666666666
0.4
-0.4
1.6666666666666667
-0.25
0.0
-1.1111111111111112
0.7272727272727273
-0.6363636363636364
-0.3076923076923077
-0.7692307692307693
0.2
0.7333333333333333
-0.9375
0.0
-0.0526315789473684
-0.631578947368421
-0.1428571428571428
-0.1904761904761904
0.6818181818181818
-1.565217391304348
-0.0416666666666666
-0.08
0.1481481481481481
0.4444444444444444
0.4285714285714285
0.2
0.0666666666666666
0.5161290322580645
0.2424242424242424
0.2058823529411764
0.2571428571428571
-0.1111111111111111
0.9444444444444444
0.631578947368421
0.0
-1.0
0.3333333333333333
-0.75
-1.4
1.0
0.4285714285714285
0.75
0.5
-0.4
0.2727272727272727
-0.0833333333333333
-0.2307692307692307
0.5384615384615384
0.4285714285714285
0.0
-0.4705882352941176
-0.1111111111111111
-1.0
0.15
-0.5714285714285714
-1.0
1.2173913043478262
0.6086956521739131
0.04
0.36
0.2962962962962963
0.0
-0.7586206896551724
-0.6666666666666666
-0.3870967741935484
0.15625
0.0625
0.0303030303030303
-0.2
-0.0277777777777777
0.2222222222222222
0.1578947368421052
0.0
1.5
-0.6666666666666666
-0.6
0.3333333333333333
0.0
-0.75
0.125
-0.3333333333333333
-0.9090909090909092
0.8181818181818182
-0.7692307692307693
-1.0
-0.0714285714285714
-0.6428571428571429
0.0666666666666666
-0.8235294117647058
-0.2777777777777778
0.4210526315789473
-0.7
0.4285714285714285
0.6363636363636364
0.0434782608695652
0.1304347826086956
-1.0
0.56
-0.8148148148148148
0.7037037037037037
0.6551724137931034
-0.0666666666666666
0.7096774193548387
0.75
0.696969696969697
-1.2058823529411764
0.6857142857142857
0.0833333333333333
0.5945945945945946
-0.2894736842105263
0.0
-1.5
-1.0
-0.75
-0.6
0.5
0.1428571428571428
0.125
-0.6666666666666666
0.5
-1.0
0.5
0.0
-0.3076923076923077
0.3571428571428571
-0.1875
0.3125
-0.6666666666666666
0.0555555555555555
-0.4
1.0
-0.8181818181818182
-0.7727272727272727
0.5652173913043478
-1.0
0.0769230769230769
0.9629629629629628
-0.7142857142857143
0.6896551724137931
0.3
0.5161290322580645
0.03125
0.25
-0.4848484848484848
0.6
-0.3055555555555556
-0.7297297297297297
0.6578947368421053
0.0
0.0
0.75
-1.0
1.8
-1.3333333333333333
-0.375
-0.625
-0.9
-0.6
-1.0
0.6363636363636364
-0.25
-0.0769230769230769
0.5333333333333333
0.5
-0.4705882352941176
0.4705882352941176
0.1578947368421052
0.25
0.8095238095238095
-0.4090909090909091
-0.4347826086956521
0.0416666666666666
-0.48
0.7307692307692307
-0.4827586206896552
-0.7333333333333333
0.7666666666666667
0.5483870967741935
0.4516129032258064
-0.59375
0.1470588235294117
-0.9714285714285714
-0.8571428571428571
0.3888888888888889
0.0555555555555555
0.4473684210526316
0.0
-1.5
0.6666666666666666
-1.5
0.2
-0.3333333333333333
-0.2857142857142857
-1.0
-0.2222222222222222
0.1
0.0
-0.0833333333333333
-0.6153846153846154
-0.1428571428571428
-0.6
0.125
-0.125
-0.3888888888888889
0.631578947368421
0.7
-0.2857142857142857
0.0909090909090909
-0.8695652173913043
-0.125
1.0833333333333333
0.08
0.0
-0.074074074074074
0.2142857142857142
0.1724137931034483
0.2258064516129032
-0.15625
-0.1515151515151515
-0.0303030303030303
-0.0285714285714285
0.2
0.6756756756756757
-0.3421052631578947
0.0
0.5
-1.0
-0.25
-0.5
0.0
0.3333333333333333
1.0
0.75
-0.2
-0.0909090909090909
0.8333333333333334
-0.1538461538461538
-1.0769230769230769
-0.4666666666666667
-0.4375
-0.5882352941176471
0.2777777777777778
0.7368421052631579
0.0526315789473684
-0.0476190476190476
-0.2727272727272727
0.3043478260869565
0.4583333333333333
-1.16
-0.3461538461538461
-0.2692307692307692
-0.1481481481481481
0.6551724137931034
-0.5333333333333333
0.25
-0.125
1.2941176470588236
-0.2058823529411764
0.0857142857142857
0.25
-0.7567567567567568
0.1578947368421052
0.0
-1.5
1.0
-1.5
-0.8
-1.0
0.8571428571428571
0.5714285714285714
-0.1111111111111111
0.3
-1.3636363636363635
1.3333333333333333
-0.5833333333333334
0.0
-0.5333333333333333
-0.5
0.4117647058823529
0.7777777777777778
-0.6111111111111112
0.1578947368421052
0.4761904761904761
0.0
0.6086956521739131
-0.0416666666666666
0.84
-0.3461538461538461
0.7407407407407407
-1.1428571428571428
-0.0344827586206896
0.1379310344827586
-0.4838709677419355
0.1290322580645161
-0.28125
1.3823529411764706
-0.0857142857142857
0.1142857142857142
-0.7837837837837838
-0.131578947368421
0.0
0.0
0.0
-0.25
0.2
-0.6666666666666666
0.1428571428571428
-0.375
-0.5555555555555556
-0.1
-0.0909090909090909
0.0
0.6153846153846154
0.4285714285714285
-0.6
-0.1875
-0.0588235294117647
0.3333333333333333
-0.0526315789473684
-0.3
-1.0476190476190477
0.8636363636363636
0.0869565217391304
0.625
0.2
-0.2307692307692307
0.3333333333333333
0.0
-1.103448275862069
0.1
0.5483870967741935
0.3125
0.0
-0.4117647058823529
0.0277777777777777
-0.0555555555555555
1.135135135135135
0.7368421052631579
0.0
1.5
0.0
-0.25
0.8
0.5
-0.1428571428571428
-0.5
-0.6666666666666666
-0.1
0.6363636363636364
-1.1666666666666667
-0.1538461538461538
0.0
0.4
-0.3125
-0.7058823529411765
0.2777777777777778
0.0526315789473684
0.25
-0.3809523809523809
-0.4545454545454545
0.7391304347826086
-1.2916666666666667
-0.08
-0.4230769230769231
0.3703703703703703
-0.1851851851851851
0.0344827586206896
-0.5172413793103449
1.0
0.1935483870967742
0.8125
0.9696969696969696
-0.2647058823529412
-0.3428571428571428
0.5135135135135135
0.2105263157894736
0.0
0.0
0.0
0.5
0.8
-0.1666666666666666
0.5714285714285714
-0.25
0.4444444444444444
-0.6
1.181818181818182
-1.75
0.9230769230769232
-0.7857142857142857
1.0
-1.5
0.5882352941176471
-1.0
0.4736842105263157
0.2
-1.0952380952380951
-1.4545454545454546
0.6521739130434783
0.9583333333333334
-0.4
-0.7307692307692307
0.7407407407407407
-0.7037037037037037
1.1724137931034482
-1.3
0.5666666666666667
-0.8064516129032258
-0.6875
1.121212121212121
-1.0
0.7777777777777778
-0.3888888888888889
1.3421052631578947
