0
2
4
4
8
3
8
9
8
8
5
10
5
0
8
13
6
6
6
10
4
13
0
4
4
7
2
8
6
5
8
8
11
4
11
6
9
6
0
2
3
6
3
11
13
4
12
12
9
9
6
8
4
10
3
3
5
4
7
4
7
8
8
9
12
9
4
5
1
5
4
8
2
4
2
8
0
1
0
3
3
5
6
4
6
7
10
12
3
2
6
9
9
8
11
7
6
6
3
9
4
10
7
13
6
6
4
1
11
3
6
6
7
7
0
0
6
1
7
4
13
6
8
5
12
4
7
3
9
4
9
8
9
10
10
10
4
7
7
9
2
5
10
6
7
3
7
8
8
9
4
11
0
1
3
4
4
3
8
4
13
7
12
6
10
10
6
10
10
10
11
1
1
2
3
13
10
7
3
4
7
6
8
9
7
7
10
6
9
5
0
3
0
1
7
5
15
5
5
4
6
4
1
3
9
12
7
8
7
8
6
6
10
8
5
6
5
5
9
10
7
9
4
2
5
5
15
4
0
1
4
4
1
9
12
9
9
7
6
5
13
8
8
7
7
4
3
9
4
1
10
1
5
4
13
5
7
4
5
6
3
7
9
6
9
2
0
3
1
7
9
10
5
10
10
2
8
3
2
8
10
13
4
7
12
8
6
9
7
11
2
11
0
13
8
10
8
15
2
1
6
5
10
4
0
0
3
1
4
10
11
10
5
10
5
7
8
7
9
10
5
6
11
5
11
8
1
13
7
13
10
4
5
10
9
1
1
4
3
7
4
6
0
3
6
4
9
4
10
10
4
8
3
6
6
8
6
12
4
11
13
12
9
7
1
8
6
7
6
4
9
9
7
9
6
5
4
10
10
10
0
0
3
0
6
5
7
7
5
5
5
3
6
6
6
7
5
4
10
6
4
5
2
3
13
8
0
8
6
8
10
5
7
7
8
8
5
8
0
1
1
4
5
7
7
13
7
7
5
13
5
4
3
7
4
12
9
4
4
4
8
9
5
4
7
5
15
5
3
5
12
2
3
9
3
4
0
0
3
1
0
4
11
6
4
5
5
13
4
4
2
5
10
8
9
8
5
4
6
2
8
3
10
5
4
4
9
4
6
10
7
5
10
4
0
3
3
3
4
6
10
7
7
4
5
6
5
7
0
8
8
4
3
6
4
9
5
8
7
3
4
4
4
7
10
6
7
3
7
1
10
10
0
3
4
6
10
13
7
4
1
0
10
1
6
5
6
1
8
7
7
5
4
3
12
2
4
0
5
0
3
3
12
6
10
6
7
4
4
9
0
3
3
3
8
4
5
1
4
0
11
0
5
1
7
2
9
2
5
0
2
5
7
10
5
8
4
5
6
3
7
0
0
9
0
7
0
9
