0.0
0.0
-0.25
-0.4
0.1666666666666666
0.0
0.1428571428571428
0.5
0.3
0.3636363636363636
-0.4166666666666667
0.5384615384615384
-0.5
-1.0666666666666669
0.3125
0.2941176470588235
0.2941176470588235
0.0
0.25
0.4761904761904761
0.0454545454545454
1.5833333333333333
-0.0833333333333333
-1.08
0.0384615384615384
-0.5925925925925926
0.1724137931034483
0.0344827586206896
0.0333333333333333
-0.5161290322580645
0.0967741935483871
0.0967741935483871
0.1212121212121212
-0.1176470588235294
0.1470588235294117
-0.1944444444444444
0.1388888888888889
-0.2368421052631578
0.0
0.0
-0.5
0.4
-1.1666666666666667
0.8571428571428571
1.0
0.2222222222222222
0.8
0.8
0.3636363636363636
0.5
0.5714285714285714
0.4285714285714285
-0.7333333333333333
1.0
0.1764705882352941
-1.0555555555555556
0.2222222222222222
0.1052631578947368
-0.238095238095238
0.0476190476190476
0.0
0.125
0.0
0.1153846153846153
1.0740740740740742
0.1111111111111111
-0.0344827586206896
0.0
-0.3548387096774194
-0.4375
-0.0606060606060606
-0.2058823529411764
-0.0588235294117647
-1.0
-0.1111111111111111
0.7894736842105263
0.0
0.0
-0.6666666666666666
-0.75
-0.4
-0.3333333333333333
-0.4285714285714285
-1.0
-0.3333333333333333
-0.3
0.5454545454545454
0.4166666666666667
-0.3076923076923077
-0.7857142857142857
-0.1428571428571428
1.2
0.0625
-0.0588235294117647
0.8947368421052632
-0.2
-0.15
-0.1818181818181818
0.4090909090909091
-0.0869565217391304
0.12
0.0
-0.2222222222222222
0.0714285714285714
-0.0344827586206896
-0.1
0.064516129032258
-0.125
-0.5757575757575758
-0.1176470588235294
0.3714285714285714
0.0277777777777777
-0.0833333333333333
-0.0263157894736842
0.0
-0.5
1.6666666666666667
-0.3333333333333333
0.6
-0.2
1.4285714285714286
-0.5
0.3333333333333333
-0.4
0.2727272727272727
-0.3333333333333333
-0.3846153846153846
-0.5
1.0666666666666669
-0.625
-0.1176470588235294
-1.1111111111111112
-0.3888888888888889
-0.3684210526315789
0.4285714285714285
-0.1818181818181818
-0.3043478260869565
-0.2608695652173913
0.12
0.0769230769230769
-0.2962962962962963
-1.0
0.1379310344827586
0.1
0.0967741935483871
-0.4375
0.09375
0.1176470588235294
-0.0571428571428571
0.1388888888888889
0.0
0.1578947368421052
0.0
0.0
-0.6666666666666666
0.6666666666666666
-0.25
-0.6666666666666666
0.1666666666666666
-0.875
1.875
0.1111111111111111
0.3636363636363636
0.0909090909090909
0.3846153846153846
0.3571428571428571
0.2
0.25
0.2352941176470588
0.3888888888888889
1.5263157894736843
-0.05
-0.0952380952380952
-0.5909090909090909
-0.1304347826086956
0.875
-0.36
-0.0769230769230769
-0.3333333333333333
-0.1481481481481481
-0.1071428571428571
-0.2
-0.2258064516129032
-0.0625
-0.5151515151515151
-0.0606060606060606
-0.0294117647058823
0.0833333333333333
-0.0277777777777777
0.2631578947368421
0.0
1.0
-1.0
-0.3333333333333333
1.0
0.0
1.6666666666666667
-0.625
-0.5555555555555556
-0.6666666666666666
0.2727272727272727
-0.6363636363636364
-1.0
-0.8461538461538461
-0.1333333333333333
0.2666666666666666
-0.5
-0.4705882352941176
-0.2631578947368421
-0.3157894736842105
-0.4761904761904761
-0.2857142857142857
0.5909090909090909
-0.2608695652173913
-0.4166666666666667
-0.24
-0.1851851851851851
-0.1111111111111111
0.1071428571428571
-0.4333333333333333
-0.1333333333333333
0.8064516129032258
-0.3636363636363636
-0.3529411764705882
-0.1142857142857142
-0.3055555555555556
0.75
-0.3684210526315789
0.0
0.0
0.3333333333333333
0.25
-0.6
0.5
1.1428571428571428
0.625
0.625
-0.2
0.2727272727272727
0.5
0.2307692307692307
0.4615384615384615
0.4285714285714285
0.4666666666666667
-0.5294117647058824
0.2222222222222222
0.1578947368421052
-0.1
-0.9523809523809524
-0.0909090909090909
1.4782608695652173
-0.0869565217391304
-0.16
-0.08
0.1851851851851851
-0.4285714285714285
-0.1724137931034483
-0.2
-0.1935483870967742
-0.25
-0.1875
-0.0909090909090909
-0.0857142857142857
-0.3055555555555556
-0.0833333333333333
-0.131578947368421
0.0
1.0
-0.3333333333333333
0.4
0.3333333333333333
0.4285714285714285
-0.25
0.375
0.4444444444444444
-0.6363636363636364
0.0909090909090909
-0.4615384615384615
-0.7857142857142857
0.2857142857142857
0.5
0.7333333333333333
-0.9411764705882352
0.4444444444444444
0.7894736842105263
-0.75
0.4285714285714285
0.4545454545454545
0.9130434782608696
0.5217391304347826
-0.76
0.48
-0.8518518518518519
1.3333333333333333
0.5172413793103449
0.3666666666666666
0.4193548387096774
1.53125
0.2424242424242424
-1.5294117647058822
0.5142857142857142
0.5833333333333334
0.5945945945945946
-0.2105263157894736
0.0
-1.0
0.3333333333333333
-0.5
-0.2
0.5
1.2857142857142858
0.25
0.2222222222222222
0.6
-0.5454545454545454
0.4166666666666667
0.9166666666666666
0.3076923076923077
0.4285714285714285
-0.125
0.375
-0.3888888888888889
0.5
-0.4
0.5
-0.3636363636363636
-0.5454545454545454
0.5652173913043478
-0.4583333333333333
0.6153846153846154
0.5555555555555556
0.25
0.4482758620689655
0.9333333333333332
1.032258064516129
0.1875
0.1875
-0.303030303030303
0.1714285714285714
0.1111111111111111
-0.7567567567567568
0.131578947368421
0.0
1.0
0.5
-0.2
0.6
-0.6666666666666666
0.5
0.5
-0.7
-0.3
-0.3636363636363636
0.4545454545454545
-0.8333333333333334
0.6153846153846154
0.5333333333333333
1.3125
0.0
0.7058823529411765
1.4210526315789471
0.6
0.5238095238095238
0.5
0.0
0.8333333333333334
0.52
0.5
-0.1724137931034483
-1.0
0.5666666666666667
0.5483870967741935
1.3548387096774193
-0.625
0.3529411764705882
-0.9142857142857144
-1.0857142857142856
0.4166666666666667
0.75
0.3684210526315789
0.0
-1.5
-1.0
-1.0
-0.6
-0.3333333333333333
0.1428571428571428
-0.375
0.0
-0.4
0.0909090909090909
-0.3333333333333333
-0.2307692307692307
-0.2142857142857142
-0.3333333333333333
-0.125
-0.4375
-0.5
0.5263157894736842
0.9
-0.6666666666666666
-0.2272727272727272
-0.6521739130434783
-0.75
1.25
-0.52
-0.4230769230769231
-0.5555555555555556
0.0357142857142857
-0.4137931034482758
0.032258064516129
-0.4375
-0.5454545454545454
-0.3939393939393939
-0.4285714285714285
-0.3428571428571428
0.8108108108108109
-0.3157894736842105
0.0
0.0
0.0
0.0
0.5
-0.3333333333333333
0.3333333333333333
2.25
0.5
0.2
0.0
0.6666666666666666
-0.3076923076923077
-0.0769230769230769
-1.0
-0.0625
-0.1764705882352941
-0.5555555555555556
0.7894736842105263
-0.2105263157894736
-0.1904761904761904
-0.6363636363636364
-0.1304347826086956
0.1666666666666666
-0.16
-1.0384615384615383
-0.7307692307692307
-0.1851851851851851
0.6206896551724138
-0.2333333333333333
0.09375
-0.28125
1.4705882352941178
-0.3823529411764705
-0.3714285714285714
-0.1666666666666666
-0.3783783783783784
-0.4210526315789473
0.0
-0.5
-0.3333333333333333
-0.75
-1.8
-0.6666666666666666
0.4285714285714285
0.5714285714285714
-0.7777777777777778
-0.3
-0.5454545454545454
0.8333333333333334
-0.5833333333333334
-0.9230769230769232
-1.0666666666666669
-0.6875
0.1176470588235294
1.0555555555555556
-0.5
-0.8947368421052632
0.238095238095238
-1.1428571428571428
0.0434782608695652
-1.0416666666666667
0.4
-1.0
0.7777777777777778
-0.9285714285714286
-0.6896551724137931
-0.9310344827586208
-0.8064516129032258
-0.2580645161290322
-0.8125
1.1764705882352942
-0.7714285714285715
-0.5714285714285714
-0.5675675675675675
-0.6842105263157895
0.0
1.0
1.0
0.0
-0.4
0.0
-0.1428571428571428
0.125
-0.1111111111111111
0.0
-0.2727272727272727
0.0
-0.0769230769230769
0.4285714285714285
-0.9333333333333332
-0.125
-0.2941176470588235
-0.3333333333333333
-0.3684210526315789
-0.85
-0.2857142857142857
1.1363636363636365
-0.3043478260869565
0.4583333333333333
-0.28
-0.9615384615384616
-0.2222222222222222
-0.3571428571428571
-0.2413793103448276
-0.2
0.4516129032258064
-0.375
-0.4848484848484848
-0.4117647058823529
-0.1111111111111111
-0.4722222222222222
1.5945945945945943
0.0263157894736842
0.0
0.5
0.3333333333333333
0.5
0.6
1.5
-0.4285714285714285
-0.375
-1.3333333333333333
-1.0
0.4545454545454545
-0.9166666666666666
-0.9230769230769232
-0.2857142857142857
-0.6666666666666666
-0.375
-0.5882352941176471
0.1666666666666666
-0.5789473684210527
-0.55
-0.6666666666666666
-0.5454545454545454
0.6086956521739131
-0.7916666666666666
-0.52
-0.8461538461538461
-0.4074074074074074
-0.8518518518518519
-0.5517241379310345
-0.7931034482758621
0.8064516129032258
-0.6451612903225806
0.15625
0.9393939393939394
-0.6176470588235294
-0.6285714285714286
0.4864864864864865
-0.6578947368421053
0.0
0.5
0.3333333333333333
-0.25
0.6
-0.3333333333333333
-0.4285714285714285
-0.5
-0.5555555555555556
-0.7
0.7272727272727273
-0.8333333333333334
0.3076923076923077
-1.0
0.2
-0.9375
-0.7647058823529411
-0.9444444444444444
-0.631578947368421
-0.95
-1.0
-0.9090909090909092
-0.3478260869565217
0.3333333333333333
-0.88
-0.7692307692307693
-0.1851851851851851
-0.9629629629629628
0.7241379310344828
-1.1
-0.3
-1.1290322580645162
-1.125
0.2727272727272727
-1.2058823529411764
-0.1666666666666666
-1.2222222222222223
0.6578947368421053
