0.0
0.6666666666666666
1.0
0.8
1.3333333333333333
0.8571428571428571
1.2857142857142858
1.5
1.3
1.4545454545454546
1.0
1.6923076923076923
1.0
0.7333333333333333
1.5
1.411764705882353
1.4705882352941178
1.3157894736842106
1.45
1.2857142857142858
1.318181818181818
2.208333333333333
1.2083333333333333
0.64
1.2692307692307692
1.0
1.5172413793103448
1.2758620689655171
1.2666666666666666
0.8709677419354839
1.3225806451612905
1.3225806451612905
1.3636363636363635
1.3235294117647058
1.411764705882353
1.25
1.3888888888888888
1.263157894736842
0.0
0.6666666666666666
0.75
1.2
0.5
1.7142857142857142
1.875
1.2222222222222223
1.8
1.8
1.5454545454545454
1.75
1.7142857142857142
1.6428571428571428
1.0
1.8125
1.411764705882353
0.7222222222222222
1.5
1.4210526315789471
1.238095238095238
1.3333333333333333
1.2608695652173914
1.4583333333333333
1.28
1.4230769230769231
1.8888888888888888
1.4074074074074074
1.0
1.3666666666666667
1.0
1.03125
1.2727272727272727
1.2352941176470589
1.2647058823529411
0.6285714285714286
1.1944444444444444
1.6842105263157894
0.0
0.5
0.0
0.75
0.6
0.8333333333333334
0.8571428571428571
0.625
1.0
1.0
1.6363636363636365
1.5
0.9230769230769232
0.7857142857142857
1.0714285714285714
2.1333333333333333
1.1875
1.1176470588235294
1.7894736842105263
1.2
1.1
1.1363636363636365
1.5454545454545454
1.2173913043478262
1.2
1.2307692307692308
1.1111111111111112
1.5
1.206896551724138
1.1666666666666667
1.3870967741935485
1.125
0.9393939393939394
1.1176470588235294
1.7428571428571429
1.5555555555555556
1.1666666666666667
1.1578947368421053
0.0
0.0
2.0
0.3333333333333333
1.4
0.8
2.2857142857142856
0.875
1.6666666666666667
0.9
1.3636363636363635
0.9166666666666666
0.9230769230769232
0.7857142857142857
2.066666666666667
0.875
1.0
0.8888888888888888
1.1111111111111112
1.105263157894737
1.5238095238095235
1.2272727272727273
0.8695652173913043
1.173913043478261
1.4
1.3846153846153846
0.9629629629629628
0.8571428571428571
1.3793103448275863
1.4333333333333331
1.3870967741935485
1.15625
1.375
1.411764705882353
1.2857142857142858
1.4444444444444444
1.2432432432432432
1.4736842105263157
0.0
0.5
1.0
1.3333333333333333
1.0
0.5
1.3333333333333333
0.625
2.375
1.2222222222222223
2.0
1.2727272727272727
1.6923076923076923
1.5
1.1333333333333333
1.5
1.4705882352941178
1.6111111111111112
2.263157894736842
1.25
1.1904761904761905
0.6818181818181818
1.2173913043478262
1.9583333333333333
1.12
1.2307692307692308
1.1111111111111112
1.1851851851851851
1.25
1.0666666666666669
1.2258064516129032
1.28125
0.8181818181818182
1.2727272727272727
1.3235294117647058
1.3333333333333333
1.3055555555555556
1.4473684210526316
0.0
1.5
0.0
0.3333333333333333
1.4
1.0
2.5
0.75
0.6666666666666666
0.6666666666666666
1.5454545454545454
0.8181818181818182
0.3846153846153846
0.6923076923076923
1.2
1.7333333333333334
1.0
1.0
1.0
1.0526315789473684
0.9047619047619048
1.0476190476190477
1.818181818181818
1.0869565217391304
1.0416666666666667
1.08
1.2592592592592593
1.1111111111111112
1.5357142857142858
1.3333333333333333
1.1333333333333333
1.6129032258064515
1.0606060606060606
1.0588235294117647
1.3714285714285714
1.0833333333333333
2.0277777777777777
1.0263157894736843
0.0
0.5
1.3333333333333333
1.0
0.2
1.5
2.142857142857143
1.625
1.625
1.1
1.3636363636363635
1.4166666666666667
1.3846153846153846
1.6153846153846154
1.5714285714285714
1.5333333333333334
0.9411764705882352
1.3888888888888888
1.3157894736842106
1.4
0.6190476190476191
1.1363636363636365
2.347826086956522
1.1304347826086956
1.2
1.16
1.4814814814814814
1.1428571428571428
1.137931034482759
1.1
1.096774193548387
1.25
1.09375
1.181818181818182
1.2
1.1666666666666667
1.1944444444444444
1.4473684210526316
0.0
1.5
0.3333333333333333
1.4
1.5
1.4285714285714286
0.625
1.375
1.5555555555555556
0.4545454545454545
1.3636363636363635
0.8461538461538461
0.7142857142857143
1.6428571428571428
1.7142857142857142
1.8
0.7647058823529411
1.5555555555555556
1.947368421052632
0.8
1.5714285714285714
1.6363636363636365
1.7391304347826086
1.6956521739130437
0.64
1.64
0.8148148148148148
2.333333333333333
1.6551724137931034
1.5666666666666669
1.5806451612903225
2.28125
1.4848484848484849
0.3235294117647059
1.5714285714285714
1.6944444444444444
1.5945945945945943
1.263157894736842
0.0
0.0
1.0
0.25
0.8
1.6666666666666667
2.0
1.625
0.8888888888888888
1.7
0.8181818181818182
1.6666666666666667
1.6666666666666667
1.5384615384615383
1.6428571428571428
1.375
1.5625
1.0555555555555556
1.7222222222222223
1.35
1.75
1.0454545454545454
1.0909090909090908
1.9130434782608696
0.9583333333333334
1.9615384615384608
1.8888888888888888
1.1428571428571428
1.793103448275862
2.033333333333333
2.193548387096774
1.625
1.625
1.121212121212121
1.5714285714285714
1.3055555555555556
0.8378378378378378
1.5526315789473684
0.0
1.0
1.5
0.8
1.8
0.6666666666666666
1.625
1.625
0.8
1.1
0.6363636363636364
1.6363636363636365
1.25
1.6153846153846154
1.5333333333333334
2.125
1.2352941176470589
1.7058823529411764
2.0
1.75
1.6666666666666667
1.6363636363636365
1.173913043478261
1.7083333333333333
1.64
1.6153846153846154
1.206896551724138
0.9333333333333332
1.6666666666666667
1.6451612903225807
2.096774193548387
1.0
1.6176470588235294
0.6857142857142857
0.8
1.6944444444444444
1.75
1.6842105263157894
0.0
0.0
1.0
0.0
1.2
0.8333333333333334
1.1428571428571428
1.25
1.0
1.1
1.0909090909090908
1.0833333333333333
1.2307692307692308
1.0714285714285714
1.1333333333333333
1.1875
1.0625
1.1111111111111112
1.6842105263157894
1.7
1.0
1.0454545454545454
0.9565217391304348
0.9166666666666666
2.125
1.12
1.0769230769230769
1.0740740740740742
1.2857142857142858
1.137931034482759
1.2903225806451613
1.0625
0.9696969696969696
1.121212121212121
1.1428571428571428
1.1714285714285717
1.8108108108108107
1.1842105263157894
0.0
0.5
0.5
1.0
1.25
1.1666666666666667
1.1666666666666667
2.375
1.375
0.9
1.0909090909090908
2.083333333333333
1.0
1.1538461538461535
0.6
1.1875
1.1176470588235294
1.3333333333333333
1.7894736842105263
1.0526315789473684
1.0952380952380951
0.8181818181818182
1.173913043478261
1.625
1.12
0.7307692307692307
0.8076923076923077
1.0740740740740742
1.793103448275862
1.1
1.3125
1.0625
2.323529411764706
1.0294117647058822
1.0285714285714285
1.25
1.0
1.1578947368421053
0.0
0.0
1.0
0.25
0.0
0.6666666666666666
1.5714285714285714
1.2857142857142858
0.5555555555555556
0.9
0.8181818181818182
2.083333333333333
0.75
0.6923076923076923
0.3333333333333333
0.875
1.2941176470588236
1.7777777777777777
1.0
0.9473684210526316
1.3333333333333333
0.8571428571428571
1.434782608695652
0.8333333333333334
1.64
0.8076923076923077
1.6296296296296295
0.8571428571428571
0.7931034482758621
0.8275862068965517
0.967741935483871
1.096774193548387
0.9375
2.3823529411764706
0.9714285714285714
1.0857142857142856
1.0810810810810811
0.9210526315789472
0.0
1.5
1.5
0.75
0.8
1.0
1.4285714285714286
1.25
1.1111111111111112
0.9
1.0
1.1666666666666667
1.1538461538461535
1.5714285714285714
0.6666666666666666
1.1875
1.0588235294117647
1.0555555555555556
1.0
0.7
1.0952380952380951
1.9090909090909087
1.0434782608695652
1.75
1.08
0.8076923076923077
1.3703703703703705
1.0
1.0689655172413792
1.1333333333333333
1.6451612903225807
1.0625
1.0303030303030305
1.0
1.0
0.9722222222222222
2.1621621621621623
1.736842105263158
0.0
1.5
1.3333333333333333
1.5
2.0
2.1666666666666665
1.4285714285714286
0.75
0.4444444444444444
1.0
1.5454545454545454
0.9166666666666666
0.7692307692307693
0.9285714285714286
1.0666666666666669
0.875
1.1176470588235294
1.3888888888888888
1.0526315789473684
1.05
0.6666666666666666
1.0
1.6956521739130437
0.9166666666666666
0.8
0.8461538461538461
1.1851851851851851
0.8148148148148148
0.896551724137931
0.8620689655172413
1.903225806451613
0.9032258064516128
1.6875
1.8484848484848484
0.9411764705882352
0.9142857142857144
1.5405405405405406
1.0
0.0
1.5
1.0
0.75
1.6
0.6666666666666666
1.1428571428571428
0.5
0.8888888888888888
0.4
1.5454545454545454
0.3333333333333333
1.3076923076923077
0.3571428571428571
1.3333333333333333
0.375
0.9411764705882352
0.3888888888888889
0.8947368421052632
0.6
0.3809523809523809
0.5
1.173913043478261
1.5
0.52
0.6153846153846154
1.3333333333333333
0.5925925925925926
1.7241379310344829
0.5333333333333333
1.1
0.5161290322580645
0.5
1.606060606060606
0.4705882352941176
1.2222222222222223
0.4444444444444444
1.7894736842105263
