0
0
5
4
7
3
11
10
12
16
16
9
20
10
20
21
23
18
29
34
32
32
33
30
37
33
27
39
38
43
44
52
45
36
47
61
54
39
0
0
4
2
6
9
9
10
6
13
15
11
17
24
17
24
19
22
28
22
28
23
29
30
33
30
33
29
34
34
36
36
50
46
59
51
47
53
0
2
3
2
6
3
8
8
11
8
15
15
17
15
21
15
13
20
21
21
35
29
24
32
28
32
30
26
33
53
34
35
37
35
40
42
45
33
0
2
3
2
7
10
12
11
5
14
9
15
24
17
19
19
25
22
20
12
26
23
29
17
33
36
30
41
39
38
41
47
46
47
57
48
53
52
0
4
3
6
6
9
6
3
11
7
12
10
10
24
11
19
18
14
18
15
17
28
23
33
46
25
8
27
36
30
32
50
20
39
34
54
36
43
0
2
2
5
6
4
9
11
3
12
15
16
13
16
17
17
14
19
9
30
30
31
15
31
27
30
32
34
43
37
38
55
41
33
44
48
47
56
0
1
2
5
5
4
8
6
10
8
9
9
11
11
12
18
15
9
20
24
23
20
30
23
23
36
38
25
25
24
26
44
28
49
30
26
38
35
0
1
2
3
3
2
6
11
8
5
13
15
14
22
16
24
16
16
27
15
22
22
22
40
23
52
23
26
24
24
36
26
67
27
24
45
31
62
0
3
5
7
9
2
11
13
5
19
9
19
17
21
22
16
25
7
25
26
37
25
24
27
32
28
49
28
44
29
28
31
34
44
36
41
41
37
0
7
6
10
8
10
9
13
15
8
17
20
20
20
19
27
17
32
37
32
28
38
34
34
20
20
39
54
40
54
42
42
55
44
44
39
49
65
0
1
2
2
6
7
7
11
7
13
8
16
11
13
25
19
28
20
21
22
23
25
38
29
44
36
31
37
39
31
51
41
52
41
42
33
44
32
4
1
1
4
6
8
8
12
12
15
17
16
23
17
28
20
20
20
42
22
24
44
18
26
29
28
33
28
39
32
41
32
37
38
44
38
39
48
0
0
1
4
5
15
6
8
12
9
11
14
18
13
18
23
20
21
33
18
25
24
26
32
46
30
32
51
24
35
37
51
37
37
51
38
49
38
0
1
2
1
2
8
6
7
10
5
10
10
14
13
13
26
15
30
18
18
33
19
20
32
25
27
33
49
43
30
31
37
31
39
40
34
37
39
0
1
1
10
8
13
14
9
16
10
17
14
19
20
22
27
24
23
28
31
19
29
34
27
34
40
37
39
43
41
21
42
50
31
43
50
48
53
0
2
0
4
9
5
5
9
8
11
19
15
20
16
14
20
22
24
16
15
29
29
30
41
34
32
35
31
30
43
43
43
33
44
57
49
52
64
0
1
5
2
4
3
7
5
6
17
8
21
14
15
16
15
20
21
21
22
22
23
23
41
27
46
27
34
53
30
30
51
44
36
29
40
58
41
0
0
1
3
6
9
5
12
10
18
18
22
24
26
24
28
29
22
14
30
30
16
34
30
32
40
39
46
47
38
49
20
34
53
43
54
54
55
