0
4
4
5
7
14
10
8
11
12
13
14
14
23
25
19
19
23
20
17
21
26
21
27
26
37
26
28
32
31
31
34
36
55
37
28
40
44
0
0
0
5
4
7
4
12
13
15
16
16
18
11
20
11
21
23
43
21
23
18
24
25
32
50
26
37
27
29
29
29
37
38
24
40
49
42
0
2
0
3
5
6
7
12
11
21
13
14
10
16
10
18
28
23
22
22
23
28
25
15
28
33
34
28
37
32
38
54
41
49
44
39
47
72
0
3
4
1
5
8
6
12
8
12
20
12
8
15
22
15
23
20
16
35
24
28
25
43
28
28
32
29
34
34
36
40
41
42
47
42
46
44
0
1
3
6
6
11
8
4
6
10
13
14
14
17
16
22
24
21
22
23
23
25
27
27
23
29
49
31
25
34
35
33
48
35
41
46
43
43
0
0
1
2
1
4
1
1
23
2
15
4
12
5
8
21
18
9
25
10
24
14
34
15
30
31
19
19
37
33
28
19
29
48
31
26
31
29
0
2
3
3
4
10
5
12
4
13
16
14
12
17
18
10
20
27
22
17
21
27
30
29
31
28
30
33
36
51
38
31
43
29
46
82
43
51
0
2
5
4
5
2
8
9
10
16
13
11
18
13
26
18
29
31
21
36
35
29
38
44
40
30
41
37
46
47
33
48
16
49
59
67
52
44
0
2
0
4
7
5
5
9
13
13
8
15
13
19
19
22
22
36
23
21
28
29
37
31
24
34
24
36
27
39
30
44
47
51
48
42
39
53
0
1
2
4
4
8
5
7
12
13
15
15
15
29
33
19
18
24
21
26
42
30
32
33
58
61
39
25
44
32
48
50
38
52
52
36
59
34
0
2
1
8
7
4
4
7
8
10
10
17
24
14
16
17
13
18
20
21
30
23
22
27
35
33
32
37
27
32
37
42
40
47
47
54
50
69
0
1
3
3
6
8
6
10
26
11
9
15
13
15
24
16
18
19
23
20
20
32
60
23
44
27
52
28
57
28
36
32
42
42
45
46
47
55
0
1
4
3
6
9
12
14
10
15
7
21
9
23
24
28
27
28
18
39
33
29
35
33
20
40
40
33
51
27
49
28
51
51
44
52
41
54
0
0
2
4
3
5
9
6
12
9
14
21
12
21
22
14
27
12
25
31
17
34
35
26
37
37
28
19
38
46
49
56
53
24
56
55
96
59
0
2
5
7
5
11
12
4
16
13
19
19
22
14
24
16
27
18
27
29
44
20
30
33
31
22
33
33
32
36
42
39
26
59
41
30
46
57
0
2
6
5
6
8
8
7
12
12
11
19
10
24
19
28
34
31
16
33
36
36
20
25
43
23
46
41
46
52
52
52
41
53
41
55
56
39
0
1
2
4
4
10
10
11
12
10
15
10
16
18
17
36
40
21
23
19
41
32
33
32
40
24
42
36
24
47
51
39
32
57
69
60
37
61
0
1
2
4
2
3
6
4
12
7
15
10
12
12
9
19
20
9
32
24
24
43
25
18
36
28
24
32
32
28
35
85
73
38
35
39
35
43
