0
2
2
4
7
8
1
12
15
8
13
19
19
20
20
16
30
28
30
30
35
33
37
34
16
37
37
33
40
34
38
44
34
45
32
50
41
57
0
1
1
5
2
7
10
11
10
12
11
17
23
17
13
19
11
17
23
25
28
29
29
28
30
32
24
34
44
35
47
40
45
32
49
50
51
33
0
0
2
3
6
7
6
11
6
11
16
12
15
14
15
23
17
20
19
21
22
22
31
28
38
30
33
32
32
34
32
36
50
38
34
44
50
47
0
2
3
5
8
12
11
12
14
12
14
21
17
19
19
20
20
11
25
25
28
26
24
29
26
23
39
39
51
40
31
41
63
27
47
73
50
53
0
1
6
3
4
6
9
6
7
14
9
3
10
11
26
12
14
30
14
28
19
22
28
24
25
41
27
33
29
30
51
33
33
33
56
36
34
42
0
2
2
3
4
6
6
5
12
13
12
22
16
15
14
17
17
24
23
36
30
33
31
27
31
32
29
36
36
37
20
41
42
43
20
44
56
47
0
3
2
2
2
7
5
12
8
4
15
10
11
20
7
15
14
17
23
20
20
24
22
38
17
23
23
38
40
26
35
26
39
29
58
31
31
23
0
1
2
3
8
4
4
8
10
11
22
13
8
15
13
16
14
8
18
18
33
22
37
23
31
23
29
23
46
49
25
24
27
51
28
29
31
32
0
1
4
7
8
11
13
4
18
12
19
19
20
18
20
22
24
25
27
25
25
13
26
10
27
42
28
43
28
46
31
39
20
34
46
36
36
32
0
2
8
5
10
12
11
11
15
15
18
12
25
23
25
10
31
28
32
21
34
34
47
26
35
36
26
39
29
42
39
50
42
34
50
48
44
49
0
1
6
3
6
6
8
7
7
8
21
10
11
13
15
10
20
13
31
24
24
29
27
22
31
37
36
39
37
38
39
53
41
32
57
43
68
45
1
5
3
4
5
8
7
9
13
7
15
29
17
23
19
19
21
26
22
20
26
25
26
48
27
45
28
26
31
34
32
49
34
28
38
49
79
39
0
1
1
3
4
5
11
16
9
11
13
19
16
17
10
19
12
20
22
23
37
25
40
26
27
31
40
34
35
35
38
37
35
45
37
42
38
38
0
2
4
2
1
4
7
9
10
10
21
10
13
17
10
14
21
16
17
29
19
28
28
24
32
21
27
28
30
40
70
31
56
31
34
45
36
51
0
2
4
5
10
8
9
16
13
17
18
18
17
21
14
23
13
27
26
26
33
34
33
34
21
35
29
34
41
52
42
39
43
43
45
46
43
49
0
2
2
4
4
5
6
7
8
7
13
15
16
27
19
27
21
32
24
28
21
31
32
34
28
34
46
36
41
27
36
42
43
43
48
33
60
55
0
0
2
5
2
9
4
7
12
8
9
13
12
15
24
19
20
29
39
23
23
40
34
24
27
27
18
30
30
35
24
34
34
57
37
69
40
43
0
0
4
3
2
10
11
9
13
14
20
22
14
28
28
19
25
29
30
27
31
32
21
38
39
34
45
47
25
49
56
49
50
45
54
54
54
67
