0
0
3
4
8
9
6
11
11
11
17
14
5
15
17
15
18
19
25
20
23
21
21
24
57
26
26
37
30
34
35
33
38
36
53
39
62
43
0
2
2
6
5
6
7
6
12
15
12
18
7
20
15
20
20
13
23
23
19
23
33
31
25
26
38
27
31
27
26
54
35
60
38
42
41
75
0
0
3
1
2
5
3
9
9
11
10
13
15
19
17
25
19
20
28
17
23
23
30
28
24
32
34
35
34
38
64
39
21
43
61
45
38
47
0
1
4
6
6
4
8
5
12
8
12
15
13
11
15
17
17
34
22
23
31
24
32
25
23
23
31
33
38
35
41
36
34
60
42
35
43
50
0
1
6
3
6
7
9
9
9
7
13
16
7
15
26
17
20
16
21
21
24
25
34
28
28
26
31
29
34
41
29
35
40
40
40
43
79
46
0
2
1
1
9
1
7
9
2
7
4
9
5
15
25
8
8
16
9
14
10
16
14
25
16
17
24
41
21
24
39
29
37
31
66
31
47
32
0
0
2
5
8
5
11
6
13
15
11
16
16
9
30
18
21
20
20
24
24
17
28
23
39
31
32
16
24
37
29
38
39
44
27
46
46
63
0
0
1
5
3
6
7
8
13
12
5
15
18
19
25
26
20
30
32
34
18
37
22
40
32
40
34
43
26
26
47
55
48
38
50
50
72
52
0
0
4
5
5
9
9
12
12
8
14
15
18
15
17
20
30
23
17
24
27
35
30
40
31
33
34
30
36
32
40
45
55
47
31
50
50
39
0
1
3
3
7
3
9
9
14
12
15
23
10
17
17
37
23
25
24
51
28
30
24
40
33
35
48
39
28
46
55
28
50
46
35
57
33
59
0
0
3
1
4
7
7
6
10
9
15
12
13
15
16
29
18
24
16
23
21
25
25
48
28
36
33
43
37
38
40
36
45
70
34
48
52
50
0
2
3
6
17
6
12
10
10
15
11
19
15
26
16
17
21
19
20
36
22
21
22
20
24
27
28
30
28
34
30
42
34
82
42
33
38
47
0
0
4
4
10
9
5
6
15
16
19
14
22
23
27
25
14
21
30
32
26
33
30
35
37
60
25
41
44
46
53
49
64
37
51
67
52
73
0
2
3
2
2
6
14
10
9
14
6
14
17
22
29
23
22
29
29
18
32
23
53
35
31
48
37
40
43
38
30
52
31
53
55
50
57
38
0
2
4
2
9
7
11
13
4
19
11
20
16
23
31
24
25
27
19
18
29
30
25
31
54
31
49
31
33
30
38
37
40
41
24
46
43
48
0
2
5
3
5
7
4
11
12
16
13
22
20
14
27
17
29
19
32
35
39
28
39
40
24
46
20
49
51
39
30
35
52
56
53
63
43
56
0
1
3
3
7
3
10
18
6
13
21
15
12
16
18
19
21
23
14
25
28
30
28
34
19
40
50
44
44
60
43
53
53
42
60
40
60
74
0
2
4
2
12
2
4
5
5
12
7
4
9
13
17
33
16
21
24
14
18
25
42
25
26
46
29
37
22
33
28
35
37
26
39
27
40
45
